# M/Ms Teff L/Ls g R/Rs Li/Li0 Mv Mr Mi Mj Mh Mk Ml Mll Mm Age Z
0.01 2387.0 -2.47 3.38 0.339 1.0 16.87 14.32 11.81 8.77 8.3 7.83 7.44 7.15 7.3 5.698970004336019 0.0152
0.015 2514.0 -2.21 3.38 0.413 1.0 15.56 13.26 10.84 8.13 7.67 7.24 6.87 6.61 6.73 5.698970004336019 0.0152
0.02 2594.0 -2.05 3.4 0.466 1.0 14.78 12.62 10.26 7.74 7.28 6.87 6.53 6.28 6.38 5.698970004336019 0.0152
0.03 2668.0 -1.79 3.36 0.599 1.0 13.8 11.77 9.47 7.08 6.62 6.24 5.92 5.67 5.77 5.698970004336019 0.0152
0.04 2733.0 -1.66 3.4 0.661 1.0 13.2 11.28 9.04 6.78 6.3 5.95 5.65 5.41 5.5 5.698970004336019 0.0152
0.05 2762.0 -1.48 3.34 0.791 1.0 12.69 10.8 8.57 6.34 5.86 5.52 5.24 5.0 5.09 5.698970004336019 0.0152
0.06 2808.0 -1.4 3.37 0.841 1.0 12.32 10.49 8.31 6.15 5.66 5.33 5.06 4.83 4.92 5.698970004336019 0.0152
0.07 2835.0 -1.33 3.37 0.9 1.0 12.08 10.28 8.1 5.97 5.48 5.16 4.9 4.67 4.76 5.698970004336019 0.0152
0.072 2832.0 -1.29 3.35 0.937 1.0 12.02 10.21 8.03 5.89 5.39 5.07 4.82 4.58 4.67 5.698970004336019 0.0152
0.075 2836.0 -1.27 3.34 0.966 1.0 11.94 10.14 7.96 5.82 5.32 5.0 4.75 4.51 4.6 5.698970004336019 0.0152
0.08 2837.0 -1.2 3.31 1.04 1.0 11.81 9.99 7.81 5.65 5.15 4.84 4.59 4.35 4.45 5.698970004336019 0.0152
0.09 2864.0 -1.13 3.31 1.101 1.0 11.6 9.8 7.63 5.5 4.99 4.69 4.45 4.21 4.31 5.698970004336019 0.0152
0.1 2925.0 -1.15 3.41 1.033 1.0 11.43 9.73 7.6 5.57 5.05 4.76 4.54 4.31 4.4 5.698970004336019 0.0152
0.11 2945.0 -1.07 3.38 1.115 1.0 11.2 9.51 7.39 5.37 4.84 4.56 4.35 4.12 4.22 5.698970004336019 0.0152
0.13 3006.0 -0.93 3.34 1.27 1.0 10.66 9.05 6.97 5.02 4.45 4.2 4.02 3.79 3.9 5.698970004336019 0.0152
0.15 3076.0 -0.79 3.31 1.412 1.0 10.09 8.58 6.57 4.72 4.12 3.88 3.72 3.51 3.62 5.698970004336019 0.0152
0.17 3139.0 -0.67 3.28 1.565 1.0 9.6 8.18 6.23 4.44 3.79 3.57 3.44 3.24 3.35 5.698970004336019 0.0152
0.2 3220.0 -0.54 3.26 1.728 1.0 9.09 7.74 5.86 4.15 3.46 3.26 3.14 2.96 3.08 5.698970004336019 0.0152
0.3 3460.0 -0.2 3.23 2.203 1.0 7.6 6.51 4.9 3.42 2.63 2.45 2.37 2.26 2.4 5.698970004336019 0.0152
0.4 3670.0 -0.05 3.3 2.338 1.0 6.63 5.73 4.42 3.14 2.33 2.17 2.09 2.02 2.17 5.698970004336019 0.0152
0.5 3848.0 0.07 3.36 2.444 1.0 5.83 5.05 4.02 2.88 2.1 1.96 1.88 1.85 1.99 5.698970004336019 0.0152
0.6 3987.0 0.16 3.41 2.524 1.0 5.36 4.62 3.76 2.71 1.96 1.83 1.75 1.73 1.87 5.698970004336019 0.0152
0.7 4110.0 0.26 3.43 2.657 1.0 5.0 4.22 3.48 2.49 1.78 1.66 1.59 1.58 1.71 5.698970004336019 0.0152
0.8 4221.0 0.35 3.44 2.805 1.0 4.63 3.88 3.23 2.29 1.62 1.51 1.44 1.43 1.55 5.698970004336019 0.0152
0.9 4315.0 0.43 3.45 2.944 1.0 4.34 3.61 3.01 2.11 1.48 1.37 1.3 1.29 1.41 5.698970004336019 0.0152
1.0 4397.0 0.5 3.46 3.079 1.0 4.09 3.39 2.82 1.96 1.35 1.25 1.18 1.17 1.29 5.698970004336019 0.0152
1.1 4471.0 0.57 3.47 3.209 1.0 3.87 3.2 2.66 1.81 1.23 1.14 1.07 1.06 1.18 5.698970004336019 0.0152
1.2 4537.0 0.63 3.47 3.344 1.0 3.67 3.03 2.5 1.68 1.12 1.03 0.96 0.96 1.07 5.698970004336019 0.0152
1.3 4596.0 0.68 3.47 3.469 1.0 3.49 2.87 2.36 1.56 1.02 0.93 0.87 0.86 0.97 5.698970004336019 0.0152
1.4 4647.0 0.74 3.47 3.601 1.0 3.33 2.73 2.22 1.45 0.92 0.83 0.77 0.77 0.87 5.698970004336019 0.0152
0.01 2345.0 -2.7 3.57 0.271 1.0 17.66 15.02 12.47 9.33 8.83 8.36 7.96 7.66 7.86 6.0 0.0152
0.015 2504.0 -2.42 3.59 0.326 1.0 16.12 13.8 11.37 8.66 8.19 7.76 7.39 7.12 7.26 6.0 0.0152
0.02 2598.0 -2.25 3.6 0.372 1.0 15.21 13.07 10.72 8.23 7.76 7.36 7.01 6.76 6.88 6.0 0.0152
0.03 2710.0 -1.98 3.58 0.467 1.0 14.02 12.08 9.84 7.57 7.1 6.73 6.41 6.18 6.27 6.0 0.0152
0.04 2779.0 -1.81 3.58 0.536 1.0 13.33 11.51 9.32 7.18 6.7 6.35 6.05 5.82 5.91 6.0 0.0152
0.05 2824.0 -1.65 3.54 0.628 1.0 12.8 11.03 8.87 6.78 6.29 5.96 5.68 5.45 5.54 6.0 0.0152
0.06 2864.0 -1.53 3.52 0.702 1.0 12.42 10.69 8.54 6.48 5.99 5.67 5.41 5.18 5.27 6.0 0.0152
0.07 2897.0 -1.41 3.5 0.781 1.0 12.1 10.38 8.25 6.21 5.71 5.41 5.16 4.93 5.02 6.0 0.0152
0.072 2896.0 -1.39 3.49 0.803 1.0 12.05 10.33 8.19 6.15 5.65 5.35 5.1 4.88 4.97 6.0 0.0152
0.075 2897.0 -1.36 3.48 0.829 1.0 11.98 10.26 8.12 6.08 5.58 5.28 5.03 4.8 4.9 6.0 0.0152
0.08 2898.0 -1.31 3.45 0.877 1.0 11.87 10.15 8.01 5.95 5.45 5.15 4.91 4.68 4.78 6.0 0.0152
0.09 2908.0 -1.23 3.43 0.959 1.0 11.66 9.93 7.8 5.75 5.24 4.94 4.71 4.48 4.58 6.0 0.0152
0.1 2936.0 -1.17 3.44 1.002 1.0 11.43 9.75 7.63 5.62 5.1 4.81 4.59 4.36 4.46 6.0 0.0152
0.11 2955.0 -1.1 3.41 1.079 1.0 11.21 9.54 7.43 5.43 4.9 4.63 4.42 4.19 4.29 6.0 0.0152
0.13 3012.0 -0.96 3.38 1.214 1.0 10.7 9.11 7.04 5.11 4.55 4.29 4.11 3.88 3.99 6.0 0.0152
0.15 3078.0 -0.85 3.37 1.327 1.0 10.18 8.69 6.69 4.85 4.26 4.02 3.86 3.64 3.75 6.0 0.0152
0.17 3142.0 -0.73 3.34 1.465 1.0 9.7 8.29 6.34 4.58 3.94 3.72 3.58 3.38 3.49 6.0 0.0152
0.2 3226.0 -0.66 3.38 1.503 1.0 9.3 7.98 6.12 4.44 3.78 3.57 3.45 3.26 3.38 6.0 0.0152
0.3 3428.0 -0.48 3.49 1.636 1.0 8.31 7.2 5.55 4.08 3.35 3.16 3.07 2.93 3.06 6.0 0.0152
0.4 3634.0 -0.32 3.55 1.753 1.0 7.26 6.36 5.04 3.77 2.99 2.83 2.74 2.66 2.79 6.0 0.0152
0.5 3802.0 -0.18 3.59 1.87 1.0 6.55 5.75 4.65 3.5 2.72 2.57 2.49 2.45 2.59 6.0 0.0152
0.6 3955.0 -0.07 3.63 1.971 1.0 5.98 5.24 4.33 3.26 2.51 2.38 2.31 2.28 2.42 6.0 0.0152
0.7 4078.0 0.04 3.64 2.096 1.0 5.59 4.81 4.03 3.03 2.31 2.19 2.12 2.1 2.24 6.0 0.0152
0.8 4192.0 0.13 3.66 2.2 1.0 5.23 4.46 3.79 2.84 2.16 2.04 1.97 1.96 2.09 6.0 0.0152
0.9 4290.0 0.21 3.66 2.31 1.0 4.92 4.18 3.57 2.66 2.01 1.9 1.84 1.83 1.95 6.0 0.0152
1.0 4377.0 0.28 3.67 2.416 1.0 4.66 3.95 3.37 2.49 1.88 1.78 1.71 1.7 1.82 6.0 0.0152
1.1 4456.0 0.35 3.68 2.52 1.0 4.42 3.75 3.19 2.35 1.76 1.66 1.6 1.59 1.7 6.0 0.0152
1.2 4529.0 0.41 3.68 2.612 0.999 4.22 3.57 3.04 2.22 1.65 1.56 1.5 1.49 1.6 6.0 0.0152
1.3 4596.0 0.47 3.69 2.71 0.998 4.03 3.4 2.89 2.1 1.55 1.46 1.4 1.4 1.5 6.0 0.0152
1.4 4658.0 0.52 3.69 2.797 0.998 3.87 3.26 2.76 1.99 1.46 1.38 1.32 1.31 1.41 6.0 0.0152
0.01 2236.0 -2.96 3.75 0.22 1.0 18.81 16.02 13.45 10.0 9.47 8.98 8.54 8.22 8.49 6.301029995663981 0.0152
0.015 2452.0 -2.65 3.78 0.262 1.0 16.97 14.54 12.07 9.22 8.74 8.3 7.93 7.65 7.83 6.301029995663981 0.0152
0.02 2571.0 -2.46 3.79 0.298 1.0 15.88 13.68 11.3 8.76 8.28 7.87 7.52 7.26 7.4 6.301029995663981 0.0152
0.03 2707.0 -2.14 3.74 0.387 1.0 14.44 12.5 10.25 7.99 7.52 7.14 6.83 6.59 6.69 6.301029995663981 0.0152
0.04 2784.0 -1.9 3.68 0.481 1.0 13.53 11.72 9.54 7.41 6.93 6.58 6.28 6.06 6.15 6.301029995663981 0.0152
0.05 2829.0 -1.72 3.62 0.574 1.0 12.95 11.19 9.04 6.96 6.48 6.14 5.87 5.64 5.73 6.301029995663981 0.0152
0.06 2867.0 -1.58 3.57 0.661 1.0 12.52 10.79 8.66 6.61 6.12 5.8 5.54 5.31 5.4 6.301029995663981 0.0152
0.07 2902.0 -1.45 3.54 0.743 1.0 12.16 10.46 8.34 6.31 5.81 5.51 5.26 5.04 5.13 6.301029995663981 0.0152
0.072 2907.0 -1.43 3.53 0.761 1.0 12.1 10.4 8.27 6.26 5.76 5.45 5.21 4.98 5.07 6.301029995663981 0.0152
0.075 2914.0 -1.4 3.52 0.785 1.0 12.0 10.31 8.19 6.18 5.67 5.37 5.14 4.91 5.0 6.301029995663981 0.0152
0.08 2924.0 -1.35 3.51 0.827 1.0 11.85 10.17 8.05 6.05 5.54 5.25 5.01 4.79 4.88 6.301029995663981 0.0152
0.09 2934.0 -1.26 3.48 0.904 1.0 11.64 9.96 7.85 5.85 5.33 5.04 4.82 4.59 4.68 6.301029995663981 0.0152
0.1 2972.0 -1.26 3.54 0.89 1.0 11.47 9.85 7.77 5.83 5.31 5.03 4.82 4.59 4.69 6.301029995663981 0.0152
0.11 2996.0 -1.21 3.55 0.922 1.0 11.28 9.69 7.63 5.73 5.19 4.92 4.72 4.49 4.59 6.301029995663981 0.0152
0.13 3034.0 -1.15 3.59 0.959 1.0 10.98 9.46 7.44 5.6 5.06 4.79 4.6 4.38 4.48 6.301029995663981 0.0152
0.15 3076.0 -1.1 3.62 0.99 1.0 10.68 9.23 7.26 5.49 4.94 4.68 4.49 4.28 4.38 6.301029995663981 0.0152
0.17 3126.0 -1.02 3.62 1.06 1.0 10.31 8.93 7.01 5.3 4.72 4.47 4.3 4.1 4.19 6.301029995663981 0.0152
0.2 3202.0 -0.96 3.67 1.077 1.0 9.95 8.66 6.81 5.19 4.58 4.35 4.19 4.01 4.11 6.301029995663981 0.0152
0.3 3428.0 -0.72 3.73 1.238 1.0 8.78 7.71 6.11 4.68 4.0 3.8 3.68 3.55 3.66 6.301029995663981 0.0152
0.4 3606.0 -0.55 3.77 1.363 1.0 7.87 6.94 5.6 4.33 3.6 3.42 3.32 3.23 3.35 6.301029995663981 0.0152
0.5 3763.0 -0.41 3.8 1.476 1.0 7.18 6.35 5.2 4.03 3.29 3.13 3.04 2.98 3.11 6.301029995663981 0.0152
0.6 3906.0 -0.29 3.83 1.562 1.0 6.62 5.85 4.89 3.8 3.06 2.92 2.84 2.8 2.93 6.301029995663981 0.0152
0.7 4033.0 -0.18 3.84 1.659 0.999 6.18 5.43 4.59 3.57 2.85 2.72 2.65 2.62 2.76 6.301029995663981 0.0152
0.8 4153.0 -0.09 3.86 1.748 0.996 5.83 5.05 4.33 3.36 2.67 2.55 2.49 2.47 2.6 6.301029995663981 0.0152
0.9 4259.0 -0.0 3.87 1.833 0.986 5.5 4.75 4.1 3.18 2.52 2.41 2.35 2.34 2.46 6.301029995663981 0.0152
1.0 4350.0 0.07 3.87 1.917 0.973 5.22 4.5 3.9 3.01 2.39 2.29 2.22 2.21 2.33 6.301029995663981 0.0152
1.1 4432.0 0.14 3.88 1.995 0.969 4.98 4.29 3.72 2.87 2.27 2.17 2.11 2.1 2.22 6.301029995663981 0.0152
1.2 4508.0 0.2 3.88 2.072 0.972 4.76 4.1 3.56 2.73 2.16 2.07 2.01 2.0 2.11 6.301029995663981 0.0152
1.3 4581.0 0.26 3.89 2.148 0.977 4.56 3.92 3.4 2.61 2.05 1.97 1.91 1.9 2.0 6.301029995663981 0.0152
1.4 4653.0 0.32 3.89 2.22 0.983 4.38 3.76 3.26 2.49 1.96 1.87 1.82 1.81 1.91 6.301029995663981 0.0152
0.01 2142.0 -3.13 3.85 0.198 1.0 19.59 16.72 14.15 10.43 9.87 9.35 8.88 8.54 8.86 6.477121254719663 0.0152
0.015 2406.0 -2.79 3.88 0.232 1.0 17.56 15.04 12.54 9.56 9.07 8.63 8.24 7.95 8.17 6.477121254719663 0.0152
0.02 2545.0 -2.57 3.89 0.267 1.0 16.3 14.05 11.64 9.04 8.55 8.14 7.79 7.53 7.69 6.477121254719663 0.0152
0.03 2706.0 -2.17 3.77 0.373 1.0 14.52 12.58 10.33 8.07 7.59 7.22 6.9 6.67 6.77 6.477121254719663 0.0152
0.04 2784.0 -1.92 3.69 0.47 1.0 13.57 11.76 9.58 7.46 6.98 6.63 6.33 6.1 6.19 6.477121254719663 0.0152
0.05 2831.0 -1.74 3.64 0.559 1.0 13.0 11.24 9.1 7.02 6.54 6.2 5.92 5.7 5.79 6.477121254719663 0.0152
0.06 2870.0 -1.61 3.61 0.634 1.0 12.59 10.87 8.74 6.7 6.21 5.89 5.63 5.4 5.49 6.477121254719663 0.0152
0.07 2906.0 -1.51 3.6 0.695 1.0 12.27 10.58 8.46 6.45 5.95 5.65 5.4 5.18 5.27 6.477121254719663 0.0152
0.072 2911.0 -1.49 3.59 0.71 1.0 12.2 10.52 8.4 6.4 5.9 5.6 5.35 5.13 5.22 6.477121254719663 0.0152
0.075 2919.0 -1.46 3.59 0.727 1.0 12.12 10.44 8.33 6.34 5.84 5.54 5.3 5.07 5.16 6.477121254719663 0.0152
0.08 2931.0 -1.42 3.58 0.758 1.0 11.97 10.31 8.21 6.23 5.73 5.43 5.19 4.97 5.06 6.477121254719663 0.0152
0.09 2956.0 -1.36 3.59 0.794 1.0 11.76 10.13 8.05 6.1 5.59 5.3 5.07 4.85 4.95 6.477121254719663 0.0152
0.1 2998.0 -1.44 3.74 0.71 1.0 11.74 10.2 8.16 6.3 5.77 5.49 5.27 5.06 5.15 6.477121254719663 0.0152
0.11 3016.0 -1.39 3.75 0.736 1.0 11.57 10.05 8.03 6.2 5.67 5.39 5.18 4.97 5.06 6.477121254719663 0.0152
0.13 3052.0 -1.32 3.76 0.783 1.0 11.24 9.78 7.81 6.03 5.49 5.22 5.01 4.81 4.9 6.477121254719663 0.0152
0.15 3088.0 -1.25 3.78 0.827 1.0 10.92 9.52 7.6 5.88 5.33 5.06 4.86 4.66 4.75 6.477121254719663 0.0152
0.17 3127.0 -1.18 3.78 0.882 1.0 10.61 9.27 7.38 5.7 5.14 4.88 4.69 4.5 4.59 6.477121254719663 0.0152
0.2 3196.0 -1.1 3.81 0.917 1.0 10.24 8.97 7.15 5.55 4.96 4.72 4.55 4.36 4.46 6.477121254719663 0.0152
0.3 3404.0 -0.86 3.86 1.067 1.0 9.12 8.04 6.44 5.03 4.38 4.16 4.03 3.89 3.99 6.477121254719663 0.0152
0.4 3582.0 -0.68 3.89 1.186 1.0 8.22 7.29 5.92 4.65 3.95 3.76 3.64 3.55 3.66 6.477121254719663 0.0152
0.5 3731.0 -0.54 3.91 1.292 1.0 7.56 6.71 5.52 4.35 3.62 3.45 3.36 3.29 3.41 6.477121254719663 0.0152
0.6 3868.0 -0.42 3.94 1.374 0.996 7.01 6.22 5.21 4.1 3.37 3.23 3.14 3.1 3.23 6.477121254719663 0.0152
0.7 3998.0 -0.31 3.96 1.458 0.978 6.53 5.79 4.91 3.88 3.15 3.02 2.95 2.92 3.05 6.477121254719663 0.0152
0.8 4120.0 -0.21 3.97 1.535 0.918 6.19 5.4 4.65 3.66 2.97 2.85 2.78 2.76 2.89 6.477121254719663 0.0152
0.9 4232.0 -0.13 3.98 1.604 0.873 5.85 5.09 4.42 3.49 2.82 2.71 2.65 2.63 2.76 6.477121254719663 0.0152
1.0 4330.0 -0.05 3.99 1.674 0.875 5.56 4.83 4.22 3.32 2.69 2.58 2.52 2.51 2.63 6.477121254719663 0.0152
1.1 4421.0 0.02 3.99 1.747 0.899 5.29 4.59 4.02 3.16 2.56 2.46 2.4 2.39 2.51 6.477121254719663 0.0152
1.2 4505.0 0.09 4.0 1.817 0.925 5.05 4.38 3.84 3.02 2.44 2.35 2.29 2.28 2.39 6.477121254719663 0.0152
1.3 4588.0 0.15 4.0 1.887 0.947 4.83 4.19 3.68 2.88 2.33 2.24 2.19 2.18 2.28 6.477121254719663 0.0152
1.4 4671.0 0.22 4.0 1.967 0.965 4.61 4.0 3.5 2.74 2.21 2.13 2.08 2.07 2.17 6.477121254719663 0.0152
0.01 2053.0 -3.27 3.91 0.184 1.0 20.31 17.39 14.85 10.84 10.2 9.64 9.12 8.77 9.12 6.6020599913279625 0.0152
0.015 2362.0 -2.89 3.95 0.215 1.0 18.04 15.42 12.88 9.79 9.29 8.85 8.45 8.15 8.4 6.6020599913279625 0.0152
0.02 2535.0 -2.61 3.92 0.257 1.0 16.46 14.18 11.77 9.14 8.65 8.24 7.88 7.62 7.79 6.6020599913279625 0.0152
0.03 2705.0 -2.19 3.78 0.367 1.0 14.56 12.61 10.36 8.11 7.63 7.26 6.94 6.7 6.81 6.6020599913279625 0.0152
0.04 2785.0 -1.95 3.72 0.457 1.0 13.62 11.82 9.64 7.52 7.04 6.69 6.39 6.16 6.25 6.6020599913279625 0.0152
0.05 2834.0 -1.78 3.68 0.534 1.0 13.07 11.32 9.18 7.12 6.63 6.3 6.02 5.79 5.88 6.6020599913279625 0.0152
0.06 2875.0 -1.68 3.69 0.582 1.0 12.73 11.02 8.9 6.88 6.39 6.07 5.81 5.58 5.67 6.6020599913279625 0.0152
0.07 2914.0 -1.64 3.73 0.595 1.0 12.5 10.84 8.75 6.78 6.28 5.98 5.73 5.51 5.6 6.6020599913279625 0.0152
0.072 2921.0 -1.63 3.74 0.601 1.0 12.45 10.8 8.71 6.75 6.25 5.95 5.7 5.48 5.57 6.6020599913279625 0.0152
0.075 2931.0 -1.61 3.75 0.606 1.0 12.38 10.75 8.67 6.73 6.22 5.92 5.67 5.45 5.55 6.6020599913279625 0.0152
0.08 2946.0 -1.58 3.75 0.625 1.0 12.24 10.63 8.56 6.64 6.13 5.83 5.59 5.37 5.47 6.6020599913279625 0.0152
0.09 2976.0 -1.53 3.77 0.647 1.0 12.02 10.45 8.41 6.53 6.01 5.72 5.49 5.28 5.37 6.6020599913279625 0.0152
0.1 3013.0 -1.55 3.86 0.614 1.0 11.92 10.42 8.41 6.6 6.08 5.79 5.57 5.36 5.45 6.6020599913279625 0.0152
0.11 3035.0 -1.51 3.87 0.639 1.0 11.71 10.25 8.27 6.49 5.96 5.68 5.46 5.26 5.35 6.6020599913279625 0.0152
0.13 3075.0 -1.42 3.88 0.688 1.0 11.33 9.94 8.01 6.3 5.76 5.48 5.27 5.07 5.16 6.6020599913279625 0.0152
0.15 3113.0 -1.35 3.89 0.729 1.0 11.02 9.68 7.79 6.13 5.58 5.32 5.11 4.92 5.0 6.6020599913279625 0.0152
0.17 3145.0 -1.27 3.88 0.782 1.0 10.75 9.44 7.58 5.95 5.39 5.13 4.93 4.75 4.83 6.6020599913279625 0.0152
0.2 3206.0 -1.19 3.91 0.822 1.0 10.39 9.14 7.35 5.77 5.2 4.95 4.77 4.59 4.68 6.6020599913279625 0.0152
0.3 3389.0 -0.95 3.94 0.969 1.0 9.33 8.25 6.66 5.25 4.62 4.4 4.25 4.11 4.2 6.6020599913279625 0.0152
0.4 3560.0 -0.78 3.97 1.078 1.0 8.48 7.54 6.15 4.87 4.19 4.0 3.87 3.77 3.88 6.6020599913279625 0.0152
0.5 3704.0 -0.63 4.0 1.173 0.995 7.84 6.98 5.76 4.57 3.86 3.69 3.58 3.51 3.63 6.6020599913279625 0.0152
0.6 3842.0 -0.51 4.02 1.258 0.966 7.27 6.48 5.42 4.31 3.59 3.44 3.35 3.3 3.42 6.6020599913279625 0.0152
0.7 3976.0 -0.4 4.03 1.334 0.836 6.78 6.03 5.13 4.09 3.37 3.23 3.15 3.12 3.25 6.6020599913279625 0.0152
0.8 4096.0 -0.3 4.05 1.4 0.712 6.44 5.65 4.87 3.88 3.18 3.06 2.99 2.97 3.1 6.6020599913279625 0.0152
0.9 4212.0 -0.22 4.06 1.465 0.718 6.09 5.32 4.64 3.7 3.03 2.91 2.85 2.84 2.96 6.6020599913279625 0.0152
1.0 4315.0 -0.14 4.07 1.527 0.761 5.79 5.05 4.43 3.53 2.89 2.79 2.73 2.71 2.83 6.6020599913279625 0.0152
1.1 4417.0 -0.06 4.07 1.601 0.826 5.49 4.79 4.21 3.36 2.75 2.65 2.59 2.58 2.7 6.6020599913279625 0.0152
1.2 4513.0 0.02 4.07 1.669 0.879 5.23 4.56 4.02 3.2 2.62 2.53 2.47 2.47 2.57 6.6020599913279625 0.0152
1.3 4609.0 0.09 4.07 1.74 0.922 4.98 4.34 3.83 3.04 2.5 2.41 2.36 2.35 2.45 6.6020599913279625 0.0152
1.4 4710.0 0.16 4.07 1.815 0.952 4.73 4.13 3.64 2.89 2.37 2.29 2.24 2.23 2.33 6.6020599913279625 0.0152
0.01 1961.0 -3.39 3.95 0.176 1.0 20.77 17.89 15.46 11.23 10.5 9.88 9.29 8.95 9.25 6.698970004336019 0.0152
0.015 2330.0 -2.96 3.99 0.204 1.0 18.38 15.7 13.15 9.97 9.46 9.0 8.6 8.29 8.56 6.698970004336019 0.0152
0.02 2531.0 -2.62 3.93 0.254 1.0 16.51 14.23 11.81 9.17 8.68 8.27 7.91 7.65 7.82 6.698970004336019 0.0152
0.03 2705.0 -2.2 3.8 0.362 1.0 14.59 12.65 10.4 8.14 7.66 7.29 6.97 6.74 6.84 6.698970004336019 0.0152
0.04 2785.0 -1.98 3.75 0.44 1.0 13.7 11.89 9.72 7.6 7.12 6.77 6.47 6.25 6.34 6.698970004336019 0.0152
0.05 2841.0 -1.85 3.76 0.489 1.0 13.22 11.48 9.35 7.3 6.81 6.48 6.2 5.98 6.07 6.698970004336019 0.0152
0.06 2890.0 -1.81 3.82 0.496 1.0 12.96 11.29 9.19 7.21 6.72 6.4 6.14 5.92 6.01 6.698970004336019 0.0152
0.07 2928.0 -1.76 3.87 0.511 1.0 12.71 11.09 9.02 7.1 6.6 6.29 6.04 5.83 5.92 6.698970004336019 0.0152
0.072 2934.0 -1.75 3.87 0.518 1.0 12.65 11.04 8.98 7.06 6.56 6.26 6.0 5.79 5.88 6.698970004336019 0.0152
0.075 2944.0 -1.73 3.87 0.525 1.0 12.57 10.98 8.92 7.02 6.52 6.22 5.97 5.75 5.85 6.698970004336019 0.0152
0.08 2959.0 -1.69 3.87 0.541 1.0 12.43 10.86 8.82 6.94 6.43 6.13 5.89 5.68 5.77 6.698970004336019 0.0152
0.09 2992.0 -1.64 3.89 0.566 1.0 12.19 10.66 8.64 6.8 6.28 6.0 5.76 5.55 5.65 6.698970004336019 0.0152
0.1 3027.0 -1.63 3.95 0.554 1.0 12.02 10.55 8.58 6.81 6.29 6.0 5.78 5.57 5.66 6.698970004336019 0.0152
0.11 3052.0 -1.58 3.95 0.58 1.0 11.79 10.36 8.42 6.69 6.16 5.88 5.66 5.46 5.54 6.698970004336019 0.0152
0.13 3098.0 -1.49 3.96 0.627 1.0 11.37 10.02 8.14 6.48 5.94 5.66 5.45 5.26 5.34 6.698970004336019 0.0152
0.15 3136.0 -1.41 3.96 0.669 1.0 11.08 9.77 7.92 6.3 5.75 5.48 5.28 5.09 5.18 6.698970004336019 0.0152
0.17 3169.0 -1.34 3.96 0.713 1.0 10.81 9.54 7.72 6.12 5.56 5.31 5.11 4.93 5.02 6.698970004336019 0.0152
0.2 3220.0 -1.26 3.98 0.758 1.0 10.47 9.25 7.48 5.94 5.37 5.12 4.94 4.76 4.85 6.698970004336019 0.0152
0.3 3379.0 -1.02 4.01 0.899 1.0 9.49 8.41 6.82 5.42 4.81 4.58 4.42 4.28 4.37 6.698970004336019 0.0152
0.4 3546.0 -0.84 4.03 1.006 0.998 8.66 7.71 6.31 5.03 4.37 4.17 4.04 3.93 4.03 6.698970004336019 0.0152
0.5 3696.0 -0.7 4.06 1.095 0.975 8.0 7.13 5.91 4.73 4.03 3.85 3.74 3.67 3.78 6.698970004336019 0.0152
0.6 3830.0 -0.57 4.08 1.173 0.834 7.45 6.65 5.59 4.47 3.76 3.61 3.51 3.46 3.58 6.698970004336019 0.0152
0.7 3960.0 -0.47 4.09 1.243 0.547 6.97 6.21 5.3 4.25 3.54 3.4 3.32 3.28 3.41 6.698970004336019 0.0152
0.8 4081.0 -0.37 4.11 1.306 0.517 6.62 5.83 5.04 4.04 3.35 3.22 3.15 3.12 3.25 6.698970004336019 0.0152
0.9 4198.0 -0.28 4.12 1.366 0.567 6.27 5.5 4.8 3.86 3.19 3.07 3.01 2.99 3.12 6.698970004336019 0.0152
1.0 4310.0 -0.2 4.13 1.429 0.658 5.94 5.2 4.58 3.68 3.04 2.93 2.87 2.86 2.98 6.698970004336019 0.0152
1.1 4422.0 -0.12 4.13 1.494 0.755 5.63 4.93 4.36 3.5 2.9 2.8 2.74 2.73 2.84 6.698970004336019 0.0152
1.2 4531.0 -0.03 4.13 1.569 0.842 5.33 4.67 4.13 3.32 2.75 2.66 2.6 2.6 2.7 6.698970004336019 0.0152
1.3 4644.0 0.05 4.12 1.643 0.904 5.05 4.42 3.92 3.15 2.61 2.53 2.47 2.47 2.56 6.698970004336019 0.0152
1.4 4771.0 0.14 4.11 1.719 0.944 4.76 4.17 3.7 2.97 2.47 2.39 2.34 2.33 2.42 6.698970004336019 0.0152
0.01 1714.0 -3.7 4.02 0.161 1.0 21.36 18.68 16.58 12.57 11.34 10.46 9.65 9.32 9.61 6.903089986991944 0.0152
0.015 2280.0 -3.05 4.05 0.192 1.0 18.84 16.08 13.53 10.19 9.68 9.21 8.79 8.47 8.79 6.903089986991944 0.0152
0.02 2525.0 -2.65 3.95 0.248 1.0 16.61 14.31 11.88 9.22 8.74 8.32 7.97 7.7 7.88 6.903089986991944 0.0152
0.03 2699.0 -2.29 3.88 0.329 1.0 14.83 12.88 10.62 8.36 7.88 7.51 7.18 6.95 7.06 6.903089986991944 0.0152
0.04 2784.0 -2.22 4.0 0.333 1.0 14.27 12.48 10.31 8.22 7.73 7.38 7.07 6.85 6.95 6.903089986991944 0.0152
0.05 2849.0 -2.13 4.04 0.353 1.0 13.81 12.11 10.0 8.0 7.51 7.18 6.89 6.68 6.77 6.903089986991944 0.0152
0.06 2903.0 -2.05 4.07 0.375 1.0 13.41 11.79 9.73 7.81 7.32 7.0 6.73 6.51 6.61 6.903089986991944 0.0152
0.07 2948.0 -1.97 4.09 0.396 1.0 13.09 11.53 9.5 7.64 7.14 6.83 6.57 6.36 6.45 6.903089986991944 0.0152
0.072 2956.0 -1.96 4.09 0.401 1.0 13.02 11.47 9.44 7.6 7.09 6.79 6.53 6.33 6.42 6.903089986991944 0.0152
0.075 2968.0 -1.93 4.09 0.411 1.0 12.91 11.38 9.36 7.53 7.03 6.72 6.47 6.27 6.36 6.903089986991944 0.0152
0.08 2986.0 -1.89 4.09 0.424 1.0 12.76 11.25 9.25 7.44 6.93 6.64 6.39 6.19 6.28 6.903089986991944 0.0152
0.09 3017.0 -1.83 4.09 0.445 1.0 12.49 11.03 9.06 7.3 6.78 6.49 6.26 6.06 6.15 6.903089986991944 0.0152
0.1 3045.0 -1.8 4.13 0.453 1.0 12.29 10.88 8.95 7.24 6.72 6.43 6.19 6.0 6.09 6.903089986991944 0.0152
0.11 3069.0 -1.74 4.12 0.477 1.0 12.05 10.68 8.79 7.1 6.58 6.29 6.06 5.87 5.96 6.903089986991944 0.0152
0.13 3115.0 -1.64 4.12 0.517 1.0 11.64 10.34 8.5 6.88 6.34 6.07 5.85 5.66 5.74 6.903089986991944 0.0152
0.15 3155.0 -1.56 4.13 0.554 1.0 11.34 10.07 8.27 6.69 6.14 5.88 5.67 5.49 5.57 6.903089986991944 0.0152
0.17 3192.0 -1.48 4.12 0.593 1.0 11.04 9.81 8.05 6.5 5.94 5.69 5.49 5.31 5.39 6.903089986991944 0.0152
0.2 3234.0 -1.4 4.13 0.637 1.0 10.73 9.54 7.82 6.31 5.74 5.49 5.3 5.13 5.21 6.903089986991944 0.0152
0.3 3364.0 -1.17 4.15 0.765 0.996 9.84 8.76 7.18 5.79 5.19 4.96 4.79 4.64 4.73 6.903089986991944 0.0152
0.4 3518.0 -0.99 4.17 0.864 0.926 9.05 8.08 6.67 5.39 4.75 4.54 4.4 4.28 4.38 6.903089986991944 0.0152
0.5 3669.0 -0.84 4.19 0.944 0.449 8.37 7.49 6.26 5.07 4.4 4.21 4.09 4.01 4.11 6.903089986991944 0.0152
0.6 3798.0 -0.72 4.21 1.01 0.087 7.84 7.03 5.94 4.82 4.14 3.97 3.86 3.8 3.91 6.903089986991944 0.0152
0.7 3923.0 -0.61 4.22 1.071 0.104 7.37 6.6 5.65 4.6 3.9 3.75 3.66 3.62 3.74 6.903089986991944 0.0152
0.8 4049.0 -0.51 4.23 1.133 0.173 6.98 6.21 5.38 4.38 3.69 3.56 3.48 3.45 3.57 6.903089986991944 0.0152
0.9 4184.0 -0.41 4.24 1.192 0.282 6.6 5.82 5.11 4.16 3.49 3.38 3.31 3.29 3.41 6.903089986991944 0.0152
1.0 4327.0 -0.3 4.24 1.256 0.448 6.19 5.45 4.84 3.94 3.31 3.21 3.15 3.13 3.25 6.903089986991944 0.0152
1.1 4481.0 -0.2 4.24 1.321 0.63 5.8 5.11 4.56 3.73 3.14 3.05 2.99 2.98 3.09 6.903089986991944 0.0152
1.2 4647.0 -0.09 4.23 1.398 0.785 5.4 4.77 4.26 3.49 2.96 2.87 2.82 2.81 2.91 6.903089986991944 0.0152
1.3 4837.0 0.04 4.21 1.489 0.882 4.98 4.41 3.95 3.24 2.76 2.68 2.64 2.63 2.72 6.903089986991944 0.0152
1.4 5064.0 0.18 4.17 1.602 0.938 4.52 4.01 3.59 2.96 2.53 2.46 2.42 2.42 2.49 6.903089986991944 0.0152
0.01 1570.0 -3.87 4.05 0.156 1.0 21.69 18.78 16.71 13.28 12.03 10.94 9.84 9.5 9.89 7.0 0.0152
0.015 2261.0 -3.08 4.06 0.189 1.0 18.97 16.2 13.63 10.26 9.74 9.27 8.85 8.53 8.86 7.0 0.0152
0.02 2519.0 -2.67 3.96 0.244 1.0 16.69 14.37 11.94 9.27 8.78 8.37 8.01 7.74 7.92 7.0 0.0152
0.03 2682.0 -2.43 4.01 0.283 1.0 15.26 13.27 11.0 8.71 8.23 7.85 7.52 7.29 7.41 7.0 0.0152
0.04 2768.0 -2.35 4.11 0.292 1.0 14.66 12.8 10.63 8.52 8.03 7.68 7.37 7.15 7.25 7.0 0.0152
0.05 2843.0 -2.23 4.14 0.315 1.0 14.1 12.36 10.25 8.26 7.77 7.44 7.15 6.93 7.03 7.0 0.0152
0.06 2900.0 -2.15 4.16 0.335 1.0 13.65 12.03 9.97 8.06 7.56 7.24 6.97 6.76 6.85 7.0 0.0152
0.07 2946.0 -2.06 4.18 0.358 1.0 13.29 11.74 9.71 7.86 7.36 7.05 6.79 6.58 6.67 7.0 0.0152
0.072 2954.0 -2.04 4.18 0.363 1.0 13.22 11.68 9.66 7.82 7.31 7.01 6.75 6.54 6.64 7.0 0.0152
0.075 2967.0 -2.02 4.18 0.369 1.0 13.12 11.6 9.59 7.77 7.26 6.96 6.7 6.5 6.59 7.0 0.0152
0.08 2987.0 -1.98 4.17 0.383 1.0 12.95 11.45 9.46 7.66 7.15 6.85 6.61 6.4 6.5 7.0 0.0152
0.09 3021.0 -1.91 4.18 0.405 1.0 12.65 11.21 9.25 7.51 6.99 6.7 6.46 6.26 6.35 7.0 0.0152
0.1 3050.0 -1.87 4.2 0.416 1.0 12.42 11.03 9.12 7.42 6.9 6.61 6.37 6.18 6.27 7.0 0.0152
0.11 3075.0 -1.82 4.2 0.435 1.0 12.18 10.83 8.96 7.3 6.77 6.49 6.25 6.07 6.15 7.0 0.0152
0.13 3118.0 -1.72 4.2 0.475 1.0 11.78 10.49 8.67 7.06 6.53 6.25 6.03 5.85 5.92 7.0 0.0152
0.15 3159.0 -1.64 4.2 0.509 1.0 11.47 10.22 8.44 6.87 6.33 6.06 5.85 5.67 5.75 7.0 0.0152
0.17 3197.0 -1.56 4.2 0.544 1.0 11.18 9.96 8.22 6.69 6.13 5.87 5.67 5.5 5.58 7.0 0.0152
0.2 3240.0 -1.47 4.2 0.587 1.0 10.85 9.67 7.97 6.48 5.92 5.66 5.47 5.3 5.38 7.0 0.0152
0.3 3363.0 -1.23 4.21 0.713 0.979 9.98 8.9 7.33 5.94 5.35 5.11 4.94 4.8 4.88 7.0 0.0152
0.4 3508.0 -1.05 4.23 0.805 0.663 9.21 8.24 6.83 5.55 4.93 4.71 4.56 4.44 4.53 7.0 0.0152
0.5 3651.0 -0.91 4.25 0.88 0.024 8.56 7.67 6.43 5.24 4.58 4.39 4.26 4.17 4.27 7.0 0.0152
0.6 3781.0 -0.79 4.27 0.942 0.02 8.03 7.2 6.1 4.99 4.31 4.14 4.02 3.96 4.07 7.0 0.0152
0.7 3908.0 -0.67 4.28 1.005 0.036 7.54 6.76 5.81 4.75 4.06 3.91 3.81 3.76 3.88 7.0 0.0152
0.8 4041.0 -0.57 4.29 1.064 0.086 7.13 6.36 5.52 4.52 3.83 3.7 3.62 3.59 3.71 7.0 0.0152
0.9 4191.0 -0.46 4.29 1.121 0.191 6.72 5.94 5.23 4.29 3.63 3.51 3.44 3.42 3.54 7.0 0.0152
1.0 4363.0 -0.34 4.29 1.189 0.383 6.25 5.52 4.91 4.04 3.42 3.31 3.26 3.24 3.36 7.0 0.0152
1.1 4553.0 -0.21 4.28 1.259 0.597 5.78 5.12 4.59 3.78 3.22 3.13 3.08 3.07 3.17 7.0 0.0152
1.2 4768.0 -0.07 4.26 1.347 0.774 5.3 4.7 4.23 3.5 3.0 2.92 2.87 2.86 2.95 7.0 0.0152
1.3 5038.0 0.09 4.22 1.459 0.88 4.76 4.24 3.81 3.17 2.74 2.67 2.63 2.63 2.7 7.0 0.0152
1.4 5363.0 0.29 4.16 1.624 0.938 4.15 3.7 3.32 2.78 2.41 2.36 2.33 2.32 2.38 7.0 0.0152
0.015 2237.0 -3.11 4.08 0.185 1.0 19.18 16.38 13.81 10.36 9.83 9.36 8.92 8.59 8.93 7.176091259055681 0.0152
0.02 2495.0 -2.74 4.02 0.229 1.0 17.01 14.64 12.18 9.44 8.96 8.54 8.17 7.9 8.1 7.176091259055681 0.0152
0.03 2614.0 -2.69 4.22 0.222 1.0 16.35 14.09 11.75 9.32 8.84 8.46 8.12 7.87 8.04 7.176091259055681 0.0152
0.04 2721.0 -2.55 4.28 0.24 1.0 15.3 13.38 11.16 9.0 8.5 8.14 7.83 7.6 7.73 7.176091259055681 0.0152
0.05 2827.0 -2.41 4.3 0.261 1.0 14.62 12.79 10.69 8.69 8.2 7.86 7.56 7.35 7.46 7.176091259055681 0.0152
0.06 2892.0 -2.3 4.32 0.282 1.0 14.05 12.41 10.35 8.45 7.95 7.62 7.34 7.14 7.24 7.176091259055681 0.0152
0.07 2943.0 -2.21 4.32 0.302 1.0 13.64 12.09 10.07 8.24 7.73 7.42 7.15 6.95 7.05 7.176091259055681 0.0152
0.072 2952.0 -2.19 4.32 0.307 1.0 13.57 12.03 10.02 8.2 7.69 7.38 7.11 6.91 7.01 7.176091259055681 0.0152
0.075 2965.0 -2.17 4.32 0.312 1.0 13.46 11.95 9.95 8.14 7.63 7.33 7.06 6.86 6.96 7.176091259055681 0.0152
0.08 2986.0 -2.13 4.32 0.324 1.0 13.29 11.8 9.81 8.04 7.53 7.22 6.97 6.77 6.87 7.176091259055681 0.0152
0.09 3023.0 -2.06 4.32 0.342 1.0 12.97 11.54 9.6 7.88 7.36 7.07 6.82 6.63 6.72 7.176091259055681 0.0152
0.1 3056.0 -2.01 4.34 0.355 1.0 12.69 11.32 9.43 7.76 7.24 6.95 6.71 6.52 6.61 7.176091259055681 0.0152
0.11 3086.0 -1.95 4.34 0.373 1.0 12.41 11.09 9.25 7.62 7.09 6.81 6.58 6.39 6.47 7.176091259055681 0.0152
0.13 3131.0 -1.84 4.33 0.407 1.0 12.01 10.75 8.96 7.39 6.85 6.57 6.35 6.17 6.25 7.176091259055681 0.0152
0.15 3169.0 -1.76 4.33 0.438 0.999 11.7 10.47 8.73 7.19 6.64 6.38 6.16 5.99 6.06 7.176091259055681 0.0152
0.17 3205.0 -1.68 4.33 0.469 0.997 11.41 10.22 8.51 7.01 6.45 6.19 5.99 5.82 5.89 7.176091259055681 0.0152
0.2 3252.0 -1.59 4.33 0.508 0.985 11.07 9.91 8.25 6.79 6.23 5.97 5.77 5.61 5.69 7.176091259055681 0.0152
0.3 3374.0 -1.34 4.33 0.623 0.594 10.18 9.12 7.59 6.23 5.64 5.4 5.23 5.09 5.17 7.176091259055681 0.0152
0.4 3498.0 -1.17 4.34 0.707 0.0 9.49 8.52 7.12 5.85 5.24 5.01 4.85 4.74 4.82 7.176091259055681 0.0152
0.5 3621.0 -1.03 4.36 0.774 0.0 8.89 7.99 6.74 5.54 4.91 4.7 4.56 4.47 4.56 7.176091259055681 0.0152
0.6 3748.0 -0.91 4.37 0.834 0.001 8.36 7.52 6.4 5.28 4.62 4.44 4.31 4.24 4.34 7.176091259055681 0.0152
0.7 3891.0 -0.78 4.38 0.895 0.003 7.83 7.04 6.07 5.01 4.34 4.18 4.07 4.02 4.14 7.176091259055681 0.0152
0.8 4054.0 -0.65 4.38 0.955 0.021 7.34 6.56 5.73 4.74 4.07 3.93 3.85 3.82 3.94 7.176091259055681 0.0152
0.9 4263.0 -0.51 4.37 1.02 0.111 6.78 6.01 5.35 4.44 3.79 3.68 3.62 3.6 3.72 7.176091259055681 0.0152
1.0 4530.0 -0.35 4.36 1.092 0.318 6.13 5.46 4.92 4.11 3.53 3.44 3.39 3.38 3.48 7.176091259055681 0.0152
1.1 4850.0 -0.15 4.33 1.189 0.576 5.45 4.88 4.42 3.72 3.24 3.17 3.12 3.12 3.2 7.176091259055681 0.0152
1.2 5264.0 0.09 4.27 1.331 0.77 4.69 4.22 3.83 3.25 2.87 2.81 2.78 2.77 2.83 7.176091259055681 0.0152
1.3 5754.0 0.4 4.15 1.593 0.88 3.81 3.43 3.1 2.65 2.35 2.3 2.29 2.28 2.32 7.176091259055681 0.0152
1.4 6422.0 0.7 4.07 1.804 0.938 2.99 2.7 2.45 2.13 1.93 1.9 1.89 1.89 1.89 7.176091259055681 0.0152
0.015 2209.0 -3.15 4.1 0.181 1.0 19.47 16.61 14.05 10.49 9.94 9.46 9.0 8.67 9.01 7.301029995663981 0.0152
0.02 2411.0 -2.92 4.14 0.198 1.0 17.95 15.34 12.84 9.88 9.39 8.97 8.58 8.29 8.55 7.301029995663981 0.0152
0.03 2555.0 -2.84 4.34 0.194 1.0 17.07 14.67 12.28 9.7 9.21 8.82 8.47 8.21 8.42 7.301029995663981 0.0152
0.04 2681.0 -2.68 4.38 0.213 1.0 15.81 13.8 11.54 9.3 8.8 8.44 8.12 7.88 8.04 7.301029995663981 0.0152
0.05 2811.0 -2.52 4.4 0.233 1.0 14.99 13.08 10.97 8.96 8.46 8.13 7.82 7.61 7.72 7.301029995663981 0.0152
0.06 2883.0 -2.41 4.42 0.251 1.0 14.34 12.68 10.62 8.71 8.21 7.88 7.6 7.39 7.5 7.301029995663981 0.0152
0.07 2940.0 -2.31 4.42 0.271 1.0 13.88 12.33 10.31 8.48 7.98 7.66 7.39 7.19 7.29 7.301029995663981 0.0152
0.072 2950.0 -2.29 4.42 0.275 1.0 13.8 12.26 10.26 8.44 7.93 7.62 7.35 7.15 7.25 7.301029995663981 0.0152
0.075 2964.0 -2.27 4.42 0.279 1.0 13.69 12.18 10.18 8.39 7.88 7.57 7.3 7.1 7.2 7.301029995663981 0.0152
0.08 2986.0 -2.22 4.42 0.29 1.0 13.5 12.02 10.05 8.28 7.77 7.47 7.21 7.01 7.11 7.301029995663981 0.0152
0.09 3025.0 -2.15 4.42 0.306 1.0 13.17 11.75 9.83 8.12 7.61 7.31 7.06 6.87 6.96 7.301029995663981 0.0152
0.1 3059.0 -2.1 4.43 0.319 1.0 12.87 11.51 9.65 7.99 7.47 7.18 6.93 6.75 6.83 7.301029995663981 0.0152
0.11 3090.0 -2.03 4.43 0.336 0.999 12.58 11.27 9.46 7.85 7.32 7.04 6.8 6.62 6.7 7.301029995663981 0.0152
0.13 3141.0 -1.93 4.42 0.366 0.996 12.16 10.92 9.16 7.61 7.07 6.8 6.57 6.4 6.47 7.301029995663981 0.0152
0.15 3182.0 -1.84 4.42 0.396 0.987 11.83 10.62 8.91 7.4 6.85 6.59 6.37 6.2 6.27 7.301029995663981 0.0152
0.17 3215.0 -1.77 4.42 0.422 0.96 11.56 10.39 8.71 7.23 6.68 6.41 6.2 6.04 6.11 7.301029995663981 0.0152
0.2 3263.0 -1.67 4.41 0.46 0.852 11.21 10.07 8.43 6.99 6.44 6.18 5.98 5.82 5.89 7.301029995663981 0.0152
0.3 3392.0 -1.42 4.41 0.565 0.006 10.3 9.26 7.76 6.42 5.84 5.6 5.43 5.29 5.37 7.301029995663981 0.0152
0.4 3500.0 -1.25 4.42 0.643 0.0 9.66 8.69 7.31 6.05 5.45 5.23 5.06 4.95 5.02 7.301029995663981 0.0152
0.5 3609.0 -1.11 4.43 0.71 0.0 9.09 8.19 6.93 5.74 5.12 4.91 4.76 4.66 4.75 7.301029995663981 0.0152
0.6 3733.0 -0.98 4.44 0.771 0.0 8.55 7.71 6.58 5.46 4.82 4.63 4.5 4.42 4.52 7.301029995663981 0.0152
0.7 3894.0 -0.85 4.45 0.829 0.0 7.98 7.19 6.22 5.18 4.51 4.35 4.24 4.19 4.3 7.301029995663981 0.0152
0.8 4102.0 -0.69 4.44 0.895 0.009 7.41 6.6 5.81 4.84 4.17 4.04 3.97 3.94 4.06 7.301029995663981 0.0152
0.9 4406.0 -0.5 4.42 0.966 0.089 6.62 5.9 5.32 4.46 3.85 3.75 3.69 3.68 3.79 7.301029995663981 0.0152
1.0 4793.0 -0.28 4.39 1.057 0.308 5.79 5.2 4.73 4.01 3.51 3.44 3.39 3.38 3.47 7.301029995663981 0.0152
1.1 5302.0 0.01 4.32 1.198 0.575 4.87 4.42 4.03 3.46 3.09 3.03 3.0 2.99 3.05 7.301029995663981 0.0152
1.2 5911.0 0.35 4.21 1.43 0.77 3.9 3.54 3.23 2.82 2.54 2.5 2.49 2.48 2.51 7.301029995663981 0.0152
1.3 6330.0 0.41 4.3 1.34 0.88 3.71 3.4 3.14 2.81 2.59 2.56 2.55 2.55 2.55 7.301029995663981 0.0152
1.4 6475.0 0.5 4.28 1.415 0.938 3.48 3.2 2.95 2.64 2.44 2.41 2.4 2.4 2.4 7.301029995663981 0.0152
0.015 2181.0 -3.2 4.12 0.177 1.0 19.69 16.79 14.23 10.59 10.03 9.54 9.07 8.74 9.09 7.3979400086720375 0.0152
0.02 2306.0 -3.12 4.27 0.172 1.0 18.95 16.11 13.57 10.35 9.85 9.42 9.0 8.69 9.02 7.3979400086720375 0.0152
0.03 2500.0 -2.95 4.41 0.178 1.0 17.57 15.17 12.71 9.98 9.48 9.09 8.72 8.45 8.7 7.3979400086720375 0.0152
0.04 2655.0 -2.76 4.45 0.196 1.0 16.27 14.1 11.81 9.51 9.02 8.66 8.33 8.09 8.26 7.3979400086720375 0.0152
0.05 2792.0 -2.6 4.47 0.214 1.0 15.29 13.31 11.19 9.16 8.66 8.32 8.01 7.8 7.92 7.3979400086720375 0.0152
0.06 2874.0 -2.48 4.49 0.231 1.0 14.58 12.88 10.81 8.9 8.4 8.07 7.78 7.58 7.69 7.3979400086720375 0.0152
0.07 2935.0 -2.38 4.49 0.249 1.0 14.06 12.51 10.5 8.67 8.16 7.85 7.57 7.37 7.48 7.3979400086720375 0.0152
0.072 2946.0 -2.36 4.49 0.253 1.0 13.98 12.45 10.44 8.63 8.12 7.81 7.54 7.34 7.44 7.3979400086720375 0.0152
0.075 2961.0 -2.34 4.49 0.257 1.0 13.87 12.36 10.36 8.57 8.07 7.75 7.49 7.29 7.39 7.3979400086720375 0.0152
0.08 2985.0 -2.3 4.49 0.266 1.0 13.67 12.2 10.23 8.47 7.96 7.65 7.39 7.19 7.29 7.3979400086720375 0.0152
0.09 3026.0 -2.22 4.49 0.283 0.999 13.32 11.91 9.99 8.29 7.78 7.48 7.23 7.04 7.13 7.3979400086720375 0.0152
0.1 3061.0 -2.16 4.5 0.295 0.998 13.0 11.66 9.8 8.16 7.64 7.35 7.1 6.92 7.0 7.3979400086720375 0.0152
0.11 3094.0 -2.1 4.5 0.31 0.995 12.7 11.41 9.61 8.02 7.49 7.21 6.97 6.79 6.87 7.3979400086720375 0.0152
0.13 3148.0 -2.0 4.49 0.338 0.974 12.28 11.05 9.31 7.78 7.24 6.97 6.74 6.56 6.64 7.3979400086720375 0.0152
0.15 3194.0 -1.9 4.49 0.365 0.914 11.93 10.74 9.05 7.56 7.02 6.75 6.53 6.37 6.44 7.3979400086720375 0.0152
0.17 3228.0 -1.83 4.48 0.391 0.774 11.66 10.5 8.84 7.38 6.84 6.57 6.36 6.2 6.27 7.3979400086720375 0.0152
0.2 3276.0 -1.73 4.48 0.425 0.346 11.31 10.19 8.58 7.15 6.6 6.35 6.14 5.99 6.06 7.3979400086720375 0.0152
0.3 3410.0 -1.48 4.48 0.521 0.0 10.38 9.37 7.9 6.58 6.0 5.77 5.59 5.46 5.53 7.3979400086720375 0.0152
0.4 3507.0 -1.31 4.49 0.599 0.0 9.77 8.81 7.45 6.2 5.61 5.38 5.21 5.1 5.17 7.3979400086720375 0.0152
0.5 3604.0 -1.18 4.49 0.662 0.0 9.24 8.33 7.08 5.9 5.29 5.07 4.92 4.82 4.9 7.3979400086720375 0.0152
0.6 3731.0 -1.04 4.49 0.725 0.0 8.68 7.83 6.71 5.6 4.96 4.77 4.63 4.56 4.65 7.3979400086720375 0.0152
0.7 3916.0 -0.88 4.49 0.789 0.0 8.03 7.25 6.3 5.27 4.61 4.45 4.34 4.29 4.4 7.3979400086720375 0.0152
0.8 4186.0 -0.69 4.47 0.858 0.006 7.32 6.53 5.81 4.87 4.21 4.09 4.02 4.0 4.12 7.3979400086720375 0.0152
0.9 4601.0 -0.45 4.45 0.938 0.084 6.35 5.69 5.17 4.39 3.83 3.75 3.7 3.69 3.79 7.3979400086720375 0.0152
1.0 5147.0 -0.15 4.39 1.056 0.307 5.33 4.83 4.42 3.82 3.4 3.34 3.31 3.3 3.37 7.3979400086720375 0.0152
1.1 5796.0 0.18 4.31 1.22 0.575 4.35 3.97 3.65 3.21 2.91 2.87 2.85 2.85 2.88 7.3979400086720375 0.0152
1.2 6102.0 0.22 4.39 1.156 0.77 4.21 3.87 3.58 3.21 2.96 2.92 2.91 2.91 2.93 7.3979400086720375 0.0152
1.3 6271.0 0.35 4.34 1.276 0.88 3.86 3.55 3.28 2.93 2.71 2.67 2.67 2.66 2.67 7.3979400086720375 0.0152
1.4 6622.0 0.55 4.27 1.432 0.938 3.35 3.08 2.85 2.57 2.39 2.36 2.35 2.35 2.35 7.3979400086720375 0.0152
0.015 2139.0 -3.26 4.15 0.171 1.0 19.92 17.03 14.47 10.74 10.16 9.67 9.18 8.85 9.22 7.477121254719663 0.0152
0.02 2184.0 -3.29 4.34 0.159 1.0 20.1 17.08 14.5 10.83 10.25 9.78 9.3 8.97 9.34 7.477121254719663 0.0152
0.03 2448.0 -3.05 4.47 0.167 1.0 18.15 15.51 13.04 10.18 9.69 9.3 8.92 8.63 8.92 7.477121254719663 0.0152
0.04 2632.0 -2.83 4.51 0.185 1.0 16.68 14.35 12.04 9.67 9.19 8.82 8.49 8.24 8.43 7.477121254719663 0.0152
0.05 2755.0 -2.68 4.53 0.2 1.0 15.55 13.59 11.42 9.34 8.84 8.5 8.18 7.96 8.1 7.477121254719663 0.0152
0.06 2860.0 -2.55 4.54 0.217 1.0 14.82 13.06 10.98 9.05 8.55 8.22 7.93 7.72 7.84 7.477121254719663 0.0152
0.07 2925.0 -2.45 4.55 0.233 1.0 14.28 12.7 10.67 8.83 8.32 8.01 7.73 7.53 7.64 7.477121254719663 0.0152
0.072 2936.0 -2.43 4.55 0.236 1.0 14.2 12.63 10.61 8.79 8.28 7.97 7.69 7.49 7.6 7.477121254719663 0.0152
0.075 2952.0 -2.4 4.55 0.241 1.0 14.07 12.52 10.52 8.72 8.21 7.9 7.63 7.43 7.54 7.477121254719663 0.0152
0.08 2977.0 -2.36 4.55 0.249 0.999 13.88 12.37 10.39 8.62 8.11 7.81 7.54 7.35 7.45 7.477121254719663 0.0152
0.09 3020.0 -2.28 4.55 0.264 0.997 13.51 12.08 10.15 8.45 7.93 7.64 7.38 7.19 7.29 7.477121254719663 0.0152
0.1 3056.0 -2.22 4.55 0.277 0.99 13.18 11.82 9.95 8.31 7.78 7.49 7.24 7.06 7.15 7.477121254719663 0.0152
0.11 3089.0 -2.16 4.56 0.289 0.973 12.88 11.58 9.77 8.17 7.65 7.36 7.12 6.94 7.02 7.477121254719663 0.0152
0.13 3145.0 -2.05 4.55 0.317 0.888 12.42 11.19 9.45 7.92 7.38 7.11 6.88 6.71 6.78 7.477121254719663 0.0152
0.15 3193.0 -1.96 4.55 0.342 0.653 12.06 10.88 9.19 7.71 7.17 6.9 6.67 6.51 6.58 7.477121254719663 0.0152
0.17 3231.0 -1.88 4.54 0.366 0.297 11.78 10.62 8.98 7.52 6.98 6.71 6.5 6.34 6.41 7.477121254719663 0.0152
0.2 3279.0 -1.78 4.54 0.398 0.008 11.42 10.31 8.71 7.29 6.74 6.49 6.28 6.13 6.2 7.477121254719663 0.0152
0.3 3413.0 -1.54 4.54 0.488 0.0 10.5 9.49 8.03 6.72 6.15 5.91 5.73 5.6 5.67 7.477121254719663 0.0152
0.4 3508.0 -1.36 4.54 0.564 0.0 9.89 8.93 7.58 6.33 5.74 5.51 5.34 5.23 5.3 7.477121254719663 0.0152
0.5 3602.0 -1.23 4.54 0.627 0.0 9.36 8.45 7.2 6.02 5.41 5.2 5.04 4.94 5.02 7.477121254719663 0.0152
0.6 3739.0 -1.08 4.54 0.692 0.0 8.75 7.91 6.8 5.69 5.06 4.87 4.73 4.66 4.75 7.477121254719663 0.0152
0.7 3960.0 -0.9 4.52 0.758 0.0 8.01 7.24 6.33 5.32 4.66 4.5 4.4 4.36 4.47 7.477121254719663 0.0152
0.8 4320.0 -0.66 4.5 0.834 0.005 7.11 6.36 5.73 4.84 4.2 4.1 4.04 4.02 4.14 7.477121254719663 0.0152
0.9 4848.0 -0.37 4.46 0.925 0.083 6.0 5.43 4.97 4.27 3.78 3.71 3.67 3.66 3.74 7.477121254719663 0.0152
1.0 5520.0 -0.03 4.39 1.053 0.307 4.93 4.51 4.15 3.64 3.3 3.26 3.23 3.23 3.27 7.477121254719663 0.0152
1.1 5897.0 0.07 4.44 1.045 0.575 4.59 4.23 3.92 3.5 3.22 3.18 3.17 3.16 3.19 7.477121254719663 0.0152
1.2 6052.0 0.19 4.41 1.133 0.77 4.29 3.95 3.65 3.27 3.01 2.98 2.96 2.96 2.98 7.477121254719663 0.0152
1.3 6335.0 0.38 4.33 1.287 0.88 3.79 3.49 3.22 2.89 2.67 2.64 2.64 2.63 2.64 7.477121254719663 0.0152
1.4 6743.0 0.56 4.29 1.4 0.938 3.32 3.06 2.84 2.58 2.41 2.39 2.38 2.38 2.38 7.477121254719663 0.0152
0.015 1996.0 -3.45 4.22 0.158 1.0 20.8 17.86 15.41 11.26 10.61 10.05 9.48 9.14 9.52 7.6020599913279625 0.0152
0.02 2005.0 -3.52 4.42 0.144 1.0 20.87 17.95 15.51 11.39 10.75 10.24 9.66 9.32 9.74 7.6020599913279625 0.0152
0.03 2366.0 -3.18 4.55 0.153 1.0 18.9 16.13 13.6 10.52 10.0 9.6 9.19 8.89 9.24 7.6020599913279625 0.0152
0.04 2581.0 -2.95 4.59 0.167 1.0 17.39 14.87 12.49 9.97 9.49 9.12 8.77 8.51 8.75 7.6020599913279625 0.0152
0.05 2699.0 -2.8 4.61 0.183 1.0 15.99 14.04 11.79 9.6 9.1 8.75 8.43 8.2 8.37 7.6020599913279625 0.0152
0.06 2830.0 -2.65 4.63 0.196 1.0 15.24 13.38 11.28 9.31 8.81 8.48 8.17 7.96 8.1 7.6020599913279625 0.0152
0.07 2904.0 -2.55 4.63 0.211 0.999 14.64 12.98 10.93 9.07 8.56 8.24 7.96 7.75 7.87 7.6020599913279625 0.0152
0.072 2916.0 -2.53 4.63 0.214 0.998 14.55 12.91 10.87 9.02 8.51 8.2 7.92 7.72 7.84 7.6020599913279625 0.0152
0.075 2933.0 -2.5 4.64 0.218 0.996 14.43 12.82 10.79 8.97 8.45 8.14 7.87 7.67 7.78 7.6020599913279625 0.0152
0.08 2961.0 -2.45 4.63 0.225 0.993 14.21 12.64 10.64 8.86 8.34 8.04 7.77 7.57 7.68 7.6020599913279625 0.0152
0.09 3007.0 -2.38 4.64 0.239 0.973 13.84 12.35 10.4 8.68 8.16 7.86 7.6 7.41 7.52 7.6020599913279625 0.0152
0.1 3046.0 -2.31 4.64 0.25 0.906 13.48 12.08 10.2 8.54 8.01 7.72 7.47 7.29 7.38 7.6020599913279625 0.0152
0.11 3081.0 -2.25 4.64 0.263 0.778 13.14 11.82 10.0 8.39 7.86 7.58 7.33 7.15 7.24 7.6020599913279625 0.0152
0.13 3138.0 -2.14 4.64 0.287 0.288 12.67 11.43 9.69 8.15 7.61 7.34 7.1 6.93 7.01 7.6020599913279625 0.0152
0.15 3187.0 -2.05 4.63 0.309 0.011 12.3 11.11 9.43 7.94 7.4 7.13 6.9 6.74 6.81 7.6020599913279625 0.0152
0.17 3229.0 -1.97 4.63 0.33 0.0 12.0 10.85 9.2 7.75 7.21 6.94 6.73 6.57 6.64 7.6020599913279625 0.0152
0.2 3280.0 -1.87 4.63 0.36 0.0 11.63 10.52 8.92 7.51 6.96 6.71 6.5 6.35 6.42 7.6020599913279625 0.0152
0.3 3410.0 -1.62 4.62 0.443 0.0 10.71 9.69 8.24 6.94 6.37 6.13 5.94 5.81 5.88 7.6020599913279625 0.0152
0.4 3509.0 -1.44 4.62 0.514 0.0 10.07 9.11 7.77 6.53 5.95 5.72 5.55 5.43 5.51 7.6020599913279625 0.0152
0.5 3606.0 -1.29 4.61 0.58 0.0 9.5 8.6 7.36 6.18 5.58 5.37 5.21 5.11 5.19 7.6020599913279625 0.0152
0.6 3771.0 -1.12 4.59 0.647 0.0 8.8 7.97 6.9 5.81 5.18 4.99 4.86 4.79 4.88 7.6020599913279625 0.0152
0.7 4084.0 -0.88 4.56 0.723 0.0 7.89 7.09 6.28 5.32 4.66 4.53 4.44 4.41 4.53 7.6020599913279625 0.0152
0.8 4645.0 -0.57 4.53 0.806 0.005 6.61 5.97 5.46 4.69 4.15 4.07 4.02 4.01 4.11 7.6020599913279625 0.0152
0.9 5301.0 -0.25 4.49 0.892 0.083 5.52 5.06 4.67 4.11 3.72 3.67 3.64 3.63 3.69 7.6020599913279625 0.0152
1.0 5570.0 -0.15 4.53 0.9 0.307 5.22 4.81 4.46 3.96 3.63 3.58 3.56 3.56 3.6 7.6020599913279625 0.0152
1.1 5822.0 0.02 4.47 1.006 0.575 4.74 4.37 4.05 3.61 3.32 3.28 3.27 3.26 3.3 7.6020599913279625 0.0152
1.2 6090.0 0.21 4.4 1.145 0.77 4.24 3.9 3.61 3.23 2.98 2.94 2.93 2.93 2.95 7.6020599913279625 0.0152
1.3 6413.0 0.4 4.33 1.287 0.88 3.73 3.44 3.18 2.86 2.66 2.63 2.62 2.62 2.62 7.6020599913279625 0.0152
1.4 6757.0 0.56 4.3 1.389 0.938 3.32 3.07 2.85 2.59 2.43 2.4 2.4 2.39 2.39 7.6020599913279625 0.0152
0.015 1760.0 -3.74 4.29 0.146 1.0 21.36 18.59 16.45 12.51 11.43 10.63 9.83 9.5 9.9 7.698970004336019 0.0152
0.02 1838.0 -3.72 4.47 0.137 1.0 21.25 18.52 16.33 12.26 11.31 10.64 9.91 9.58 9.96 7.698970004336019 0.0152
0.03 2304.0 -3.28 4.6 0.144 1.0 19.38 16.44 13.9 10.7 10.21 9.81 9.39 9.08 9.47 7.698970004336019 0.0152
0.04 2525.0 -3.05 4.65 0.156 1.0 17.84 15.33 12.88 10.22 9.71 9.34 8.98 8.71 8.99 7.698970004336019 0.0152
0.05 2671.0 -2.88 4.67 0.17 1.0 16.49 14.37 12.08 9.8 9.3 8.95 8.62 8.38 8.58 7.698970004336019 0.0152
0.06 2804.0 -2.73 4.69 0.182 0.999 15.53 13.62 11.5 9.49 8.99 8.66 8.35 8.14 8.28 7.698970004336019 0.0152
0.07 2882.0 -2.63 4.7 0.195 0.992 14.96 13.22 11.15 9.26 8.75 8.43 8.14 7.94 8.07 7.698970004336019 0.0152
0.072 2896.0 -2.61 4.7 0.198 0.989 14.85 13.15 11.09 9.21 8.7 8.39 8.1 7.9 8.02 7.698970004336019 0.0152
0.075 2916.0 -2.57 4.7 0.202 0.982 14.7 13.03 10.99 9.14 8.63 8.32 8.04 7.84 7.96 7.698970004336019 0.0152
0.08 2945.0 -2.53 4.7 0.209 0.96 14.49 12.87 10.85 9.04 8.53 8.22 7.95 7.75 7.87 7.698970004336019 0.0152
0.09 2996.0 -2.45 4.7 0.221 0.862 14.1 12.56 10.59 8.85 8.34 8.04 7.78 7.58 7.7 7.698970004336019 0.0152
0.1 3037.0 -2.38 4.71 0.232 0.596 13.72 12.28 10.38 8.71 8.19 7.89 7.64 7.45 7.56 7.698970004336019 0.0152
0.11 3073.0 -2.32 4.71 0.244 0.248 13.36 12.02 10.18 8.57 8.04 7.75 7.5 7.32 7.42 7.698970004336019 0.0152
0.13 3133.0 -2.21 4.7 0.266 0.001 12.85 11.61 9.86 8.32 7.79 7.51 7.27 7.1 7.18 7.698970004336019 0.0152
0.15 3182.0 -2.13 4.7 0.285 0.0 12.49 11.3 9.61 8.12 7.58 7.31 7.08 6.92 6.99 7.698970004336019 0.0152
0.17 3225.0 -2.04 4.7 0.305 0.0 12.18 11.03 9.38 7.93 7.39 7.12 6.9 6.74 6.82 7.698970004336019 0.0152
0.2 3280.0 -1.94 4.7 0.332 0.0 11.79 10.68 9.09 7.69 7.14 6.88 6.67 6.52 6.6 7.698970004336019 0.0152
0.3 3407.0 -1.69 4.69 0.411 0.0 10.87 9.86 8.41 7.11 6.54 6.3 6.11 5.98 6.05 7.698970004336019 0.0152
0.4 3512.0 -1.5 4.68 0.479 0.0 10.21 9.25 7.92 6.68 6.1 5.87 5.7 5.58 5.66 7.698970004336019 0.0152
0.5 3617.0 -1.34 4.66 0.548 0.0 9.58 8.69 7.46 6.3 5.7 5.49 5.33 5.23 5.31 7.698970004336019 0.0152
0.6 3821.0 -1.13 4.63 0.621 0.0 8.76 7.94 6.93 5.86 5.23 5.05 4.92 4.85 4.95 7.698970004336019 0.0152
0.7 4270.0 -0.83 4.59 0.702 0.0 7.57 6.81 6.14 5.24 4.61 4.5 4.43 4.41 4.53 7.698970004336019 0.0152
0.8 4938.0 -0.49 4.56 0.776 0.005 6.26 5.71 5.26 4.59 4.13 4.06 4.02 4.02 4.09 7.698970004336019 0.0152
0.9 5236.0 -0.36 4.58 0.802 0.083 5.82 5.35 4.95 4.37 3.97 3.92 3.88 3.88 3.94 7.698970004336019 0.0152
1.0 5536.0 -0.17 4.53 0.895 0.307 5.27 4.85 4.49 3.99 3.65 3.6 3.58 3.58 3.62 7.698970004336019 0.0152
1.1 5833.0 0.03 4.47 1.013 0.574 4.72 4.35 4.03 3.6 3.31 3.27 3.25 3.25 3.28 7.698970004336019 0.0152
1.2 6133.0 0.23 4.4 1.15 0.77 4.19 3.86 3.58 3.21 2.96 2.93 2.92 2.91 2.93 7.698970004336019 0.0152
1.3 6435.0 0.4 4.34 1.283 0.88 3.72 3.43 3.18 2.86 2.66 2.63 2.62 2.62 2.63 7.698970004336019 0.0152
1.4 6759.0 0.56 4.3 1.389 0.938 3.32 3.07 2.85 2.59 2.43 2.4 2.4 2.39 2.39 7.698970004336019 0.0152
0.03 2047.0 -3.58 4.69 0.129 1.0 20.82 17.93 15.5 11.56 10.9 10.46 9.88 9.53 10.03 7.903089986991944 0.0152
0.04 2387.0 -3.26 4.76 0.138 1.0 19.09 16.26 13.73 10.69 10.18 9.81 9.4 9.1 9.49 7.903089986991944 0.0152
0.05 2586.0 -3.06 4.8 0.148 0.999 17.7 15.16 12.75 10.24 9.73 9.38 9.03 8.77 9.04 7.903089986991944 0.0152
0.06 2709.0 -2.92 4.82 0.158 0.985 16.39 14.39 12.13 9.93 9.41 9.08 8.75 8.52 8.72 7.903089986991944 0.0152
0.07 2829.0 -2.78 4.83 0.169 0.864 15.55 13.72 11.6 9.64 9.12 8.8 8.5 8.29 8.44 7.903089986991944 0.0152
0.072 2845.0 -2.76 4.83 0.171 0.801 15.45 13.64 11.54 9.59 9.08 8.76 8.46 8.25 8.4 7.903089986991944 0.0152
0.075 2869.0 -2.73 4.83 0.174 0.68 15.31 13.52 11.44 9.52 9.01 8.69 8.4 8.19 8.34 7.903089986991944 0.0152
0.08 2905.0 -2.69 4.83 0.179 0.407 15.09 13.34 11.28 9.42 8.9 8.59 8.31 8.1 8.24 7.903089986991944 0.0152
0.09 2962.0 -2.6 4.84 0.19 0.02 14.67 13.02 11.01 9.23 8.71 8.41 8.14 7.94 8.07 7.903089986991944 0.0152
0.1 3010.0 -2.54 4.84 0.198 0.0 14.3 12.74 10.78 9.07 8.55 8.26 8.0 7.81 7.93 7.903089986991944 0.0152
0.11 3052.0 -2.47 4.84 0.208 0.0 13.88 12.45 10.58 8.93 8.41 8.12 7.86 7.68 7.79 7.903089986991944 0.0152
0.13 3120.0 -2.36 4.84 0.227 0.0 13.25 12.0 10.23 8.68 8.15 7.87 7.63 7.45 7.55 7.903089986991944 0.0152
0.15 3173.0 -2.26 4.84 0.245 0.0 12.86 11.66 9.96 8.46 7.93 7.66 7.42 7.26 7.34 7.903089986991944 0.0152
0.17 3217.0 -2.18 4.83 0.261 0.0 12.53 11.37 9.73 8.28 7.73 7.47 7.24 7.08 7.16 7.903089986991944 0.0152
0.2 3275.0 -2.08 4.83 0.285 0.0 12.12 11.01 9.43 8.03 7.48 7.23 7.01 6.86 6.94 7.903089986991944 0.0152
0.3 3406.0 -1.82 4.81 0.355 0.0 11.18 10.16 8.73 7.43 6.87 6.63 6.44 6.3 6.37 7.903089986991944 0.0152
0.4 3522.0 -1.61 4.79 0.421 0.0 10.44 9.49 8.18 6.96 6.38 6.15 5.98 5.86 5.94 7.903089986991944 0.0152
0.5 3668.0 -1.4 4.75 0.496 0.0 9.63 8.76 7.6 6.47 5.87 5.66 5.51 5.42 5.5 7.903089986991944 0.0152
0.6 4039.0 -1.09 4.68 0.583 0.0 8.41 7.63 6.8 5.82 5.18 5.03 4.93 4.9 5.0 7.903089986991944 0.0152
0.7 4497.0 -0.83 4.68 0.636 0.0 7.37 6.67 6.12 5.3 4.72 4.63 4.57 4.56 4.67 7.903089986991944 0.0152
0.8 4830.0 -0.61 4.64 0.705 0.005 6.62 6.04 5.57 4.87 4.38 4.3 4.26 4.25 4.34 7.903089986991944 0.0152
0.9 5212.0 -0.37 4.59 0.799 0.082 5.86 5.38 4.97 4.39 3.99 3.93 3.9 3.89 3.95 7.903089986991944 0.0152
1.0 5533.0 -0.17 4.53 0.901 0.307 5.26 4.84 4.48 3.98 3.64 3.59 3.57 3.56 3.61 7.903089986991944 0.0152
1.1 5876.0 0.05 4.46 1.019 0.574 4.67 4.3 3.99 3.56 3.28 3.24 3.23 3.22 3.25 7.903089986991944 0.0152
1.2 6164.0 0.24 4.39 1.152 0.77 4.17 3.84 3.56 3.19 2.95 2.92 2.91 2.9 2.92 7.903089986991944 0.0152
1.3 6451.0 0.41 4.33 1.283 0.88 3.71 3.42 3.17 2.86 2.66 2.63 2.62 2.62 2.62 7.903089986991944 0.0152
1.4 6766.0 0.56 4.3 1.391 0.938 3.31 3.06 2.85 2.58 2.42 2.4 2.39 2.39 2.39 7.903089986991944 0.0152
0.03 1912.0 -3.74 4.73 0.124 1.0 21.38 18.49 16.23 12.09 11.27 10.74 10.06 9.72 10.25 8.0 0.0152
0.04 2311.0 -3.36 4.81 0.13 1.0 19.59 16.71 14.16 10.93 10.41 10.04 9.6 9.28 9.71 8.0 0.0152
0.05 2525.0 -3.15 4.85 0.139 0.999 18.21 15.6 13.14 10.47 9.95 9.6 9.23 8.96 9.28 8.0 0.0152
0.06 2670.0 -3.0 4.88 0.148 0.953 16.93 14.75 12.43 10.12 9.61 9.27 8.94 8.7 8.93 8.0 0.0152
0.07 2794.0 -2.87 4.89 0.158 0.587 15.84 14.0 11.85 9.83 9.31 8.98 8.67 8.46 8.62 8.0 0.0152
0.072 2813.0 -2.84 4.89 0.16 0.447 15.72 13.89 11.76 9.78 9.26 8.94 8.63 8.42 8.58 8.0 0.0152
0.075 2839.0 -2.81 4.89 0.162 0.233 15.59 13.77 11.66 9.71 9.19 8.87 8.57 8.36 8.52 8.0 0.0152
0.08 2879.0 -2.76 4.89 0.167 0.028 15.38 13.58 11.5 9.6 9.08 8.77 8.48 8.27 8.42 8.0 0.0152
0.09 2942.0 -2.68 4.9 0.176 0.0 14.96 13.25 11.22 9.41 8.89 8.59 8.31 8.11 8.25 8.0 0.0152
0.1 2993.0 -2.61 4.9 0.185 0.0 14.59 12.96 10.98 9.24 8.72 8.43 8.17 7.98 8.11 8.0 0.0152
0.11 3038.0 -2.54 4.91 0.194 0.0 14.16 12.67 10.76 9.1 8.57 8.29 8.03 7.85 7.97 8.0 0.0152
0.13 3112.0 -2.43 4.9 0.211 0.0 13.44 12.18 10.41 8.85 8.32 8.04 7.79 7.62 7.71 8.0 0.0152
0.15 3167.0 -2.33 4.9 0.227 0.0 13.04 11.83 10.13 8.63 8.09 7.82 7.58 7.42 7.51 8.0 0.0152
0.17 3214.0 -2.25 4.9 0.243 0.0 12.7 11.54 9.89 8.44 7.9 7.63 7.4 7.25 7.33 8.0 0.0152
0.2 3272.0 -2.14 4.89 0.265 0.0 12.28 11.17 9.59 8.19 7.65 7.39 7.17 7.02 7.1 8.0 0.0152
0.3 3409.0 -1.87 4.87 0.333 0.0 11.3 10.29 8.86 7.57 7.01 6.77 6.57 6.44 6.51 8.0 0.0152
0.4 3529.0 -1.65 4.84 0.399 0.0 10.52 9.58 8.28 7.07 6.49 6.27 6.09 5.97 6.05 8.0 0.0152
0.5 3705.0 -1.41 4.77 0.48 0.0 9.59 8.73 7.62 6.51 5.91 5.7 5.55 5.47 5.55 8.0 0.0152
0.6 4100.0 -1.09 4.71 0.564 0.0 8.4 7.58 6.8 5.84 5.21 5.07 4.98 4.95 5.05 8.0 0.0152
0.7 4402.0 -0.88 4.69 0.624 0.0 7.58 6.85 6.26 5.4 4.8 4.7 4.64 4.63 4.74 8.0 0.0152
0.8 4826.0 -0.61 4.64 0.707 0.005 6.62 6.04 5.57 4.86 4.37 4.3 4.26 4.25 4.33 8.0 0.0152
0.9 5209.0 -0.37 4.58 0.801 0.082 5.86 5.37 4.97 4.38 3.98 3.92 3.89 3.89 3.95 8.0 0.0152
1.0 5541.0 -0.16 4.53 0.903 0.307 5.24 4.83 4.47 3.97 3.63 3.58 3.56 3.56 3.6 8.0 0.0152
1.1 5886.0 0.05 4.46 1.02 0.574 4.66 4.29 3.98 3.56 3.28 3.24 3.22 3.22 3.25 8.0 0.0152
1.2 6170.0 0.24 4.39 1.153 0.77 4.16 3.83 3.55 3.19 2.95 2.91 2.9 2.9 2.91 8.0 0.0152
1.3 6453.0 0.41 4.33 1.284 0.88 3.71 3.42 3.17 2.86 2.66 2.63 2.62 2.62 2.62 8.0 0.0152
1.4 6766.0 0.56 4.3 1.393 0.938 3.31 3.06 2.85 2.58 2.42 2.39 2.39 2.39 2.39 8.0 0.0152
0.03 1779.0 -3.88 4.75 0.12 1.0 21.7 18.76 16.62 12.85 11.78 11.0 10.18 9.85 10.39 8.079181246047625 0.0152
0.04 2225.0 -3.46 4.84 0.125 1.0 20.41 17.4 14.83 11.26 10.65 10.25 9.76 9.43 9.88 8.079181246047625 0.0152
0.05 2471.0 -3.23 4.89 0.133 0.997 18.68 15.97 13.47 10.65 10.13 9.78 9.39 9.11 9.47 8.079181246047625 0.0152
0.06 2635.0 -3.06 4.92 0.141 0.901 17.41 15.04 12.68 10.28 9.76 9.42 9.08 8.83 9.09 8.079181246047625 0.0152
0.07 2757.0 -2.94 4.93 0.149 0.244 16.22 14.31 12.1 10.0 9.48 9.15 8.83 8.61 8.8 8.079181246047625 0.0152
0.072 2780.0 -2.91 4.94 0.151 0.111 16.02 14.17 11.99 9.94 9.42 9.09 8.78 8.56 8.74 8.079181246047625 0.0152
0.075 2810.0 -2.88 4.94 0.154 0.017 15.8 13.99 11.85 9.87 9.35 9.02 8.71 8.5 8.67 8.079181246047625 0.0152
0.08 2853.0 -2.83 4.94 0.158 0.0 15.6 13.79 11.68 9.75 9.23 8.92 8.62 8.41 8.57 8.079181246047625 0.0152
0.09 2924.0 -2.74 4.95 0.167 0.0 15.21 13.43 11.38 9.55 9.03 8.73 8.45 8.25 8.4 8.079181246047625 0.0152
0.1 2978.0 -2.67 4.95 0.175 0.0 14.82 13.13 11.14 9.38 8.86 8.57 8.3 8.11 8.25 8.079181246047625 0.0152
0.11 3026.0 -2.6 4.95 0.183 0.0 14.39 12.84 10.92 9.23 8.71 8.42 8.16 7.98 8.1 8.079181246047625 0.0152
0.13 3105.0 -2.48 4.95 0.199 0.0 13.6 12.33 10.54 8.98 8.45 8.17 7.92 7.75 7.85 8.079181246047625 0.0152
0.15 3162.0 -2.38 4.95 0.215 0.0 13.18 11.97 10.26 8.76 8.23 7.95 7.71 7.55 7.64 8.079181246047625 0.0152
0.17 3210.0 -2.3 4.95 0.229 0.0 12.83 11.67 10.02 8.57 8.03 7.76 7.53 7.37 7.46 8.079181246047625 0.0152
0.2 3270.0 -2.19 4.94 0.251 0.0 12.4 11.29 9.71 8.31 7.77 7.51 7.29 7.14 7.22 8.079181246047625 0.0152
0.3 3411.0 -1.91 4.91 0.318 0.0 11.39 10.38 8.96 7.67 7.12 6.87 6.68 6.54 6.61 8.079181246047625 0.0152
0.4 3536.0 -1.68 4.87 0.384 0.0 10.57 9.64 8.35 7.14 6.57 6.34 6.16 6.05 6.12 8.079181246047625 0.0152
0.5 3727.0 -1.42 4.79 0.471 0.0 9.57 8.72 7.63 6.53 5.94 5.73 5.58 5.5 5.59 8.079181246047625 0.0152
0.6 4030.0 -1.15 4.74 0.546 0.0 8.56 7.78 6.95 5.97 5.34 5.19 5.08 5.04 5.15 8.079181246047625 0.0152
0.7 4400.0 -0.88 4.69 0.626 0.0 7.57 6.84 6.25 5.4 4.79 4.69 4.63 4.62 4.73 8.079181246047625 0.0152
0.8 4825.0 -0.61 4.64 0.708 0.005 6.62 6.03 5.57 4.86 4.37 4.29 4.25 4.24 4.33 8.079181246047625 0.0152
0.9 5208.0 -0.37 4.58 0.801 0.082 5.85 5.37 4.97 4.38 3.98 3.92 3.89 3.89 3.95 8.079181246047625 0.0152
1.0 5547.0 -0.16 4.53 0.904 0.307 5.23 4.82 4.46 3.96 3.63 3.58 3.56 3.55 3.6 8.079181246047625 0.0152
1.1 5889.0 0.05 4.46 1.021 0.574 4.65 4.29 3.97 3.55 3.27 3.23 3.22 3.22 3.25 8.079181246047625 0.0152
1.2 6172.0 0.24 4.39 1.154 0.77 4.16 3.83 3.55 3.18 2.95 2.91 2.9 2.9 2.91 8.079181246047625 0.0152
1.3 6455.0 0.41 4.33 1.286 0.88 3.7 3.42 3.16 2.85 2.65 2.62 2.62 2.61 2.62 8.079181246047625 0.0152
1.4 6767.0 0.56 4.29 1.394 0.938 3.31 3.06 2.84 2.58 2.42 2.39 2.39 2.39 2.38 8.079181246047625 0.0152
0.04 1940.0 -3.78 4.93 0.114 1.0 21.58 18.57 16.31 12.24 11.41 10.91 10.22 9.88 10.49 8.301029995663981 0.0152
0.05 2268.0 -3.48 5.0 0.118 0.986 20.21 17.29 14.73 11.3 10.71 10.33 9.85 9.54 10.0 8.301029995663981 0.0152
0.06 2488.0 -3.28 5.03 0.123 0.466 18.78 16.06 13.56 10.78 10.25 9.92 9.53 9.25 9.64 8.301029995663981 0.0152
0.07 2639.0 -3.14 5.06 0.129 0.0 17.62 15.24 12.86 10.46 9.94 9.61 9.27 9.02 9.3 8.301029995663981 0.0152
0.072 2664.0 -3.11 5.06 0.131 0.0 17.37 15.09 12.74 10.4 9.88 9.56 9.22 8.98 9.24 8.301029995663981 0.0152
0.075 2698.0 -3.08 5.07 0.132 0.0 17.03 14.89 12.59 10.33 9.81 9.49 9.16 8.92 9.16 8.301029995663981 0.0152
0.08 2756.0 -3.02 5.08 0.136 0.0 16.51 14.54 12.32 10.2 9.68 9.36 9.04 8.82 9.02 8.301029995663981 0.0152
0.09 2853.0 -2.91 5.08 0.143 0.0 15.87 14.02 11.9 9.96 9.44 9.13 8.83 8.62 8.8 8.301029995663981 0.0152
0.1 2926.0 -2.83 5.08 0.151 0.0 15.47 13.66 11.6 9.76 9.24 8.94 8.67 8.47 8.63 8.301029995663981 0.0152
0.11 2982.0 -2.75 5.08 0.158 0.0 15.06 13.35 11.35 9.6 9.07 8.78 8.52 8.33 8.48 8.301029995663981 0.0152
0.13 3076.0 -2.62 5.07 0.173 0.0 14.12 12.74 10.91 9.31 8.77 8.49 8.24 8.06 8.18 8.301029995663981 0.0152
0.15 3144.0 -2.51 5.07 0.188 0.0 13.54 12.31 10.58 9.07 8.53 8.26 8.01 7.85 7.94 8.301029995663981 0.0152
0.17 3198.0 -2.41 5.05 0.203 0.0 13.13 11.96 10.31 8.85 8.31 8.04 7.8 7.65 7.73 8.301029995663981 0.0152
0.2 3264.0 -2.28 5.03 0.226 0.0 12.64 11.53 9.95 8.55 8.01 7.75 7.53 7.38 7.46 8.301029995663981 0.0152
0.3 3414.0 -1.98 4.98 0.294 0.0 11.53 10.53 9.12 7.84 7.28 7.04 6.84 6.71 6.78 8.301029995663981 0.0152
0.4 3537.0 -1.73 4.92 0.365 0.0 10.68 9.74 8.45 7.25 6.69 6.46 6.28 6.17 6.24 8.301029995663981 0.0152
0.5 3701.0 -1.46 4.82 0.453 0.0 9.72 8.86 7.74 6.64 6.04 5.84 5.68 5.6 5.68 8.301029995663981 0.0152
0.6 3981.0 -1.17 4.74 0.547 0.0 8.64 7.87 7.0 6.01 5.38 5.22 5.11 5.06 5.16 8.301029995663981 0.0152
0.7 4390.0 -0.88 4.68 0.63 0.0 7.58 6.85 6.25 5.39 4.79 4.69 4.63 4.61 4.72 8.301029995663981 0.0152
0.8 4824.0 -0.61 4.64 0.711 0.004 6.61 6.02 5.56 4.85 4.36 4.29 4.24 4.23 4.32 8.301029995663981 0.0152
0.9 5207.0 -0.37 4.58 0.804 0.082 5.85 5.37 4.96 4.38 3.98 3.92 3.88 3.88 3.94 8.301029995663981 0.0152
1.0 5567.0 -0.15 4.52 0.907 0.307 5.21 4.79 4.44 3.95 3.61 3.57 3.54 3.54 3.59 8.301029995663981 0.0152
1.1 5895.0 0.06 4.46 1.024 0.574 4.64 4.28 3.96 3.55 3.27 3.23 3.21 3.21 3.24 8.301029995663981 0.0152
1.2 6177.0 0.24 4.39 1.158 0.77 4.14 3.82 3.54 3.18 2.94 2.9 2.89 2.89 2.9 8.301029995663981 0.0152
1.3 6456.0 0.42 4.33 1.291 0.88 3.69 3.41 3.15 2.84 2.64 2.61 2.61 2.6 2.61 8.301029995663981 0.0152
1.4 6766.0 0.57 4.29 1.405 0.938 3.29 3.04 2.83 2.56 2.4 2.37 2.37 2.37 2.37 8.301029995663981 0.0152
0.04 1667.0 -4.09 4.97 0.108 1.0 22.41 19.16 17.05 13.69 12.47 11.5 10.51 10.16 10.84 8.477121254719663 0.0152
0.05 2063.0 -3.72 5.07 0.109 0.97 21.32 18.21 15.81 11.97 11.27 10.87 10.24 9.9 10.53 8.477121254719663 0.0152
0.06 2331.0 -3.48 5.12 0.112 0.084 19.95 16.98 14.42 11.23 10.7 10.37 9.91 9.6 10.11 8.477121254719663 0.0152
0.07 2519.0 -3.31 5.15 0.117 0.0 18.68 16.03 13.55 10.85 10.32 9.99 9.61 9.34 9.74 8.477121254719663 0.0152
0.072 2552.0 -3.28 5.15 0.118 0.0 18.48 15.87 13.4 10.78 10.25 9.93 9.56 9.29 9.66 8.477121254719663 0.0152
0.075 2594.0 -3.24 5.16 0.119 0.0 18.22 15.65 13.21 10.69 10.17 9.84 9.49 9.23 9.56 8.477121254719663 0.0152
0.08 2660.0 -3.17 5.16 0.122 0.0 17.61 15.25 12.9 10.54 10.02 9.71 9.36 9.12 9.4 8.477121254719663 0.0152
0.09 2782.0 -3.04 5.17 0.129 0.0 16.5 14.53 12.33 10.27 9.74 9.43 9.11 8.9 9.11 8.477121254719663 0.0152
0.1 2874.0 -2.94 5.17 0.137 0.0 15.95 14.07 11.95 10.04 9.51 9.21 8.92 8.72 8.9 8.477121254719663 0.0152
0.11 2946.0 -2.85 5.16 0.144 0.0 15.48 13.68 11.64 9.83 9.31 9.02 8.74 8.55 8.71 8.477121254719663 0.0152
0.13 3055.0 -2.69 5.14 0.161 0.0 14.46 12.99 11.12 9.48 8.95 8.67 8.41 8.23 8.36 8.477121254719663 0.0152
0.15 3134.0 -2.56 5.11 0.178 0.0 13.7 12.46 10.72 9.19 8.66 8.38 8.14 7.97 8.07 8.477121254719663 0.0152
0.17 3192.0 -2.45 5.09 0.194 0.0 13.25 12.07 10.41 8.95 8.41 8.14 7.9 7.74 7.83 8.477121254719663 0.0152
0.2 3261.0 -2.32 5.06 0.218 0.0 12.72 11.6 10.03 8.62 8.08 7.82 7.6 7.45 7.53 8.477121254719663 0.0152
0.3 3415.0 -1.99 4.99 0.29 0.0 11.56 10.55 9.15 7.87 7.31 7.07 6.87 6.74 6.81 8.477121254719663 0.0152
0.4 3528.0 -1.73 4.92 0.364 0.0 10.71 9.77 8.47 7.27 6.7 6.47 6.29 6.18 6.25 8.477121254719663 0.0152
0.5 3689.0 -1.46 4.82 0.455 0.0 9.74 8.88 7.75 6.64 6.04 5.83 5.68 5.59 5.68 8.477121254719663 0.0152
0.6 3971.0 -1.17 4.74 0.55 0.0 8.66 7.88 7.0 6.01 5.38 5.21 5.1 5.06 5.16 8.477121254719663 0.0152
0.7 4388.0 -0.88 4.68 0.632 0.0 7.58 6.84 6.24 5.39 4.78 4.68 4.62 4.61 4.72 8.477121254719663 0.0152
0.8 4822.0 -0.61 4.63 0.713 0.004 6.61 6.02 5.55 4.85 4.36 4.28 4.24 4.23 4.31 8.477121254719663 0.0152
0.9 5209.0 -0.37 4.58 0.806 0.081 5.84 5.36 4.96 4.37 3.97 3.91 3.88 3.87 3.93 8.477121254719663 0.0152
1.0 5572.0 -0.14 4.52 0.909 0.307 5.2 4.78 4.43 3.94 3.61 3.56 3.54 3.53 3.58 8.477121254719663 0.0152
1.1 5898.0 0.06 4.46 1.027 0.574 4.63 4.27 3.96 3.54 3.26 3.22 3.21 3.2 3.23 8.477121254719663 0.0152
1.2 6179.0 0.25 4.39 1.164 0.77 4.13 3.81 3.53 3.16 2.93 2.89 2.88 2.88 2.89 8.477121254719663 0.0152
1.3 6456.0 0.42 4.32 1.3 0.88 3.68 3.39 3.14 2.83 2.63 2.6 2.59 2.59 2.59 8.477121254719663 0.0152
1.4 6761.0 0.58 4.28 1.417 0.938 3.28 3.02 2.81 2.55 2.38 2.36 2.35 2.35 2.35 8.477121254719663 0.0152
0.05 1836.0 -3.96 5.1 0.104 0.957 21.97 18.79 16.57 12.81 11.86 11.25 10.48 10.13 10.83 8.602059991327963 0.0152
0.06 2207.0 -3.62 5.17 0.106 0.011 21.02 17.84 15.28 11.71 11.09 10.73 10.17 9.84 10.41 8.602059991327963 0.0152
0.07 2419.0 -3.43 5.2 0.11 0.0 19.52 16.64 14.1 11.14 10.6 10.29 9.86 9.57 10.08 8.602059991327963 0.0152
0.072 2457.0 -3.4 5.21 0.111 0.0 19.21 16.44 13.92 11.06 10.52 10.21 9.8 9.51 9.99 8.602059991327963 0.0152
0.075 2508.0 -3.35 5.21 0.112 0.0 18.81 16.17 13.68 10.96 10.42 10.11 9.72 9.44 9.87 8.602059991327963 0.0152
0.08 2594.0 -3.27 5.22 0.115 0.0 18.32 15.74 13.29 10.77 10.24 9.92 9.56 9.3 9.65 8.602059991327963 0.0152
0.09 2726.0 -3.13 5.22 0.122 0.0 17.11 14.92 12.65 10.46 9.94 9.63 9.3 9.07 9.32 8.602059991327963 0.0152
0.1 2844.0 -3.0 5.21 0.13 0.0 16.2 14.28 12.13 10.18 9.65 9.34 9.04 8.84 9.03 8.602059991327963 0.0152
0.11 2929.0 -2.89 5.19 0.139 0.0 15.66 13.83 11.76 9.93 9.41 9.11 8.84 8.64 8.81 8.602059991327963 0.0152
0.13 3048.0 -2.72 5.16 0.157 0.0 14.58 13.08 11.19 9.54 9.01 8.73 8.47 8.29 8.43 8.602059991327963 0.0152
0.15 3131.0 -2.58 5.13 0.175 0.0 13.75 12.51 10.76 9.23 8.7 8.42 8.18 8.01 8.11 8.602059991327963 0.0152
0.17 3191.0 -2.46 5.1 0.192 0.0 13.28 12.1 10.44 8.97 8.43 8.16 7.93 7.77 7.86 8.602059991327963 0.0152
0.2 3260.0 -2.32 5.07 0.217 0.0 12.73 11.62 10.04 8.64 8.1 7.84 7.61 7.46 7.54 8.602059991327963 0.0152
0.3 3415.0 -1.99 4.99 0.29 0.0 11.56 10.56 9.15 7.87 7.32 7.07 6.87 6.74 6.81 8.602059991327963 0.0152
0.4 3526.0 -1.73 4.91 0.366 0.0 10.71 9.76 8.47 7.26 6.69 6.46 6.28 6.17 6.24 8.602059991327963 0.0152
0.5 3685.0 -1.46 4.82 0.457 0.0 9.75 8.88 7.75 6.63 6.04 5.83 5.68 5.59 5.67 8.602059991327963 0.0152
0.6 3969.0 -1.17 4.73 0.551 0.0 8.66 7.88 7.0 6.0 5.37 5.21 5.1 5.05 5.15 8.602059991327963 0.0152
0.7 4387.0 -0.87 4.68 0.633 0.0 7.58 6.84 6.24 5.38 4.78 4.68 4.62 4.6 4.71 8.602059991327963 0.0152
0.8 4821.0 -0.61 4.63 0.714 0.004 6.61 6.02 5.55 4.84 4.35 4.28 4.23 4.23 4.31 8.602059991327963 0.0152
0.9 5210.0 -0.36 4.58 0.808 0.081 5.84 5.35 4.95 4.36 3.96 3.91 3.87 3.87 3.93 8.602059991327963 0.0152
1.0 5574.0 -0.14 4.52 0.911 0.307 5.19 4.78 4.43 3.93 3.6 3.55 3.53 3.53 3.57 8.602059991327963 0.0152
1.1 5901.0 0.06 4.45 1.032 0.574 4.62 4.26 3.94 3.53 3.25 3.21 3.2 3.19 3.22 8.602059991327963 0.0152
1.2 6181.0 0.25 4.38 1.171 0.77 4.12 3.79 3.51 3.15 2.91 2.88 2.87 2.87 2.88 8.602059991327963 0.0152
1.3 6453.0 0.43 4.32 1.308 0.88 3.67 3.38 3.13 2.82 2.62 2.59 2.58 2.58 2.58 8.602059991327963 0.0152
1.4 6750.0 0.58 4.27 1.43 0.938 3.26 3.01 2.79 2.53 2.36 2.34 2.34 2.33 2.33 8.602059991327963 0.0152
0.05 1698.0 -4.12 5.13 0.101 0.947 22.46 19.14 16.99 13.62 12.46 11.55 10.63 10.28 10.97 8.698970004336019 0.0152
0.06 2082.0 -3.76 5.2 0.102 0.001 21.45 18.21 15.74 11.98 11.35 11.01 10.38 10.03 10.73 8.698970004336019 0.0152
0.07 2335.0 -3.53 5.24 0.105 0.0 20.13 17.08 14.51 11.34 10.83 10.52 10.05 9.74 10.32 8.698970004336019 0.0152
0.072 2378.0 -3.49 5.25 0.106 0.0 19.88 16.89 14.33 11.27 10.74 10.43 9.98 9.68 10.24 8.698970004336019 0.0152
0.075 2435.0 -3.44 5.25 0.107 0.0 19.46 16.61 14.08 11.17 10.62 10.32 9.9 9.6 10.12 8.698970004336019 0.0152
0.08 2539.0 -3.34 5.25 0.111 0.0 18.68 16.07 13.59 10.94 10.4 10.09 9.71 9.44 9.85 8.698970004336019 0.0152
0.09 2696.0 -3.18 5.25 0.118 0.0 17.44 15.13 12.82 10.55 10.05 9.74 9.4 9.17 9.44 8.698970004336019 0.0152
0.1 2828.0 -3.03 5.23 0.127 0.0 16.34 14.4 12.23 10.25 9.72 9.41 9.11 8.9 9.1 8.698970004336019 0.0152
0.11 2921.0 -2.91 5.21 0.137 0.0 15.74 13.89 11.82 9.98 9.45 9.16 8.88 8.68 8.85 8.698970004336019 0.0152
0.13 3046.0 -2.72 5.16 0.156 0.0 14.62 13.11 11.21 9.56 9.03 8.75 8.49 8.31 8.45 8.698970004336019 0.0152
0.15 3130.0 -2.58 5.13 0.175 0.0 13.76 12.52 10.77 9.24 8.71 8.43 8.18 8.02 8.12 8.698970004336019 0.0152
0.17 3191.0 -2.46 5.1 0.192 0.0 13.28 12.1 10.44 8.97 8.44 8.17 7.93 7.77 7.86 8.698970004336019 0.0152
0.2 3260.0 -2.32 5.07 0.217 0.0 12.74 11.62 10.04 8.64 8.1 7.84 7.62 7.46 7.55 8.698970004336019 0.0152
0.3 3415.0 -1.99 4.99 0.29 0.0 11.56 10.56 9.15 7.87 7.32 7.07 6.87 6.74 6.81 8.698970004336019 0.0152
0.4 3524.0 -1.73 4.91 0.367 0.0 10.71 9.76 8.46 7.25 6.69 6.45 6.27 6.16 6.23 8.698970004336019 0.0152
0.5 3682.0 -1.46 4.82 0.457 0.0 9.75 8.88 7.75 6.63 6.04 5.83 5.67 5.59 5.67 8.698970004336019 0.0152
0.6 3968.0 -1.17 4.73 0.552 0.0 8.66 7.88 7.0 6.0 5.37 5.21 5.1 5.05 5.15 8.698970004336019 0.0152
0.7 4386.0 -0.87 4.68 0.634 0.0 7.57 6.84 6.24 5.38 4.78 4.67 4.61 4.6 4.71 8.698970004336019 0.0152
0.8 4821.0 -0.6 4.63 0.715 0.003 6.6 6.02 5.55 4.84 4.35 4.27 4.23 4.22 4.31 8.698970004336019 0.0152
0.9 5211.0 -0.36 4.57 0.81 0.08 5.83 5.35 4.95 4.36 3.96 3.9 3.87 3.86 3.92 8.698970004336019 0.0152
1.0 5576.0 -0.14 4.52 0.913 0.307 5.18 4.77 4.42 3.93 3.6 3.55 3.53 3.52 3.57 8.698970004336019 0.0152
1.1 5904.0 0.07 4.45 1.035 0.574 4.61 4.25 3.93 3.52 3.24 3.2 3.19 3.18 3.21 8.698970004336019 0.0152
1.2 6182.0 0.26 4.38 1.176 0.77 4.11 3.78 3.5 3.14 2.9 2.87 2.86 2.86 2.87 8.698970004336019 0.0152
1.3 6451.0 0.43 4.31 1.316 0.88 3.66 3.37 3.12 2.8 2.6 2.57 2.57 2.56 2.57 8.698970004336019 0.0152
1.4 6742.0 0.59 4.26 1.444 0.938 3.25 3.0 2.78 2.51 2.35 2.32 2.32 2.31 2.31 8.698970004336019 0.0152
0.05 1555.0 -4.29 5.14 0.099 0.938 23.39 19.7 17.46 14.15 12.93 12.01 11.03 10.65 11.29 8.795880017344075 0.0152
0.06 1908.0 -3.94 5.23 0.098 0.0 21.99 18.73 16.41 12.58 11.8 11.34 10.6 10.24 10.97 8.795880017344075 0.0152
0.07 2248.0 -3.63 5.28 0.101 0.0 20.87 17.65 15.09 11.68 11.12 10.8 10.24 9.92 10.55 8.795880017344075 0.0152
0.072 2301.0 -3.58 5.28 0.102 0.0 20.41 17.27 14.69 11.43 10.94 10.65 10.15 9.83 10.46 8.795880017344075 0.0152
0.075 2370.0 -3.52 5.28 0.103 0.0 19.99 16.97 14.41 11.32 10.8 10.5 10.04 9.74 10.32 8.795880017344075 0.0152
0.08 2485.0 -3.41 5.28 0.107 0.0 19.06 16.38 13.88 11.09 10.55 10.25 9.85 9.56 10.04 8.795880017344075 0.0152
0.09 2671.0 -3.21 5.27 0.115 0.0 17.71 15.31 12.97 10.64 10.13 9.82 9.48 9.24 9.53 8.795880017344075 0.0152
0.1 2817.0 -3.05 5.24 0.126 0.0 16.42 14.47 12.29 10.29 9.76 9.46 9.15 8.94 9.14 8.795880017344075 0.0152
0.11 2917.0 -2.92 5.21 0.136 0.0 15.78 13.93 11.85 10.0 9.47 9.18 8.9 8.7 8.87 8.795880017344075 0.0152
0.13 3045.0 -2.73 5.17 0.156 0.0 14.63 13.12 11.22 9.56 9.03 8.75 8.5 8.31 8.45 8.795880017344075 0.0152
0.15 3130.0 -2.58 5.13 0.174 0.0 13.76 12.52 10.77 9.24 8.71 8.43 8.19 8.02 8.12 8.795880017344075 0.0152
0.17 3191.0 -2.46 5.1 0.192 0.0 13.28 12.1 10.44 8.98 8.44 8.17 7.93 7.77 7.86 8.795880017344075 0.0152
0.2 3260.0 -2.32 5.07 0.217 0.0 12.74 11.62 10.04 8.64 8.1 7.84 7.62 7.46 7.55 8.795880017344075 0.0152
0.3 3415.0 -1.99 4.99 0.29 0.0 11.56 10.55 9.15 7.87 7.31 7.07 6.87 6.74 6.81 8.795880017344075 0.0152
0.4 3522.0 -1.72 4.91 0.369 0.0 10.7 9.76 8.45 7.24 6.68 6.45 6.27 6.15 6.22 8.795880017344075 0.0152
0.5 3681.0 -1.46 4.81 0.458 0.0 9.75 8.89 7.75 6.63 6.04 5.83 5.67 5.58 5.67 8.795880017344075 0.0152
0.6 3969.0 -1.17 4.73 0.552 0.0 8.65 7.88 7.0 6.0 5.37 5.2 5.09 5.05 5.15 8.795880017344075 0.0152
0.7 4385.0 -0.87 4.68 0.635 0.0 7.57 6.84 6.24 5.38 4.77 4.67 4.61 4.6 4.71 8.795880017344075 0.0152
0.8 4821.0 -0.6 4.63 0.716 0.003 6.6 6.01 5.54 4.84 4.35 4.27 4.23 4.22 4.3 8.795880017344075 0.0152
0.9 5213.0 -0.36 4.57 0.811 0.08 5.82 5.34 4.94 4.35 3.95 3.9 3.86 3.86 3.92 8.795880017344075 0.0152
1.0 5580.0 -0.14 4.51 0.916 0.307 5.17 4.76 4.41 3.92 3.59 3.54 3.52 3.52 3.56 8.795880017344075 0.0152
1.1 5907.0 0.07 4.44 1.04 0.574 4.6 4.24 3.92 3.51 3.23 3.19 3.18 3.17 3.2 8.795880017344075 0.0152
1.2 6183.0 0.26 4.37 1.183 0.77 4.09 3.77 3.49 3.13 2.89 2.85 2.84 2.84 2.86 8.795880017344075 0.0152
1.3 6446.0 0.44 4.31 1.327 0.88 3.64 3.35 3.1 2.79 2.59 2.56 2.55 2.55 2.55 8.795880017344075 0.0152
1.4 6727.0 0.59 4.25 1.462 0.938 3.23 2.98 2.76 2.49 2.32 2.3 2.29 2.29 2.29 8.795880017344075 0.0152
0.06 1716.0 -4.15 5.25 0.096 0.0 22.56 19.14 16.94 13.6 12.51 11.68 10.79 10.46 11.13 8.903089986991944 0.0152
0.07 2136.0 -3.75 5.31 0.097 0.0 21.49 18.16 15.63 11.97 11.37 11.08 10.45 10.1 10.83 8.903089986991944 0.0152
0.072 2212.0 -3.69 5.31 0.098 0.0 21.24 17.94 15.4 11.9 11.29 10.96 10.36 10.03 10.69 8.903089986991944 0.0152
0.075 2294.0 -3.61 5.32 0.1 0.0 20.54 17.35 14.77 11.5 11.01 10.72 10.21 9.89 10.54 8.903089986991944 0.0152
0.08 2436.0 -3.47 5.31 0.104 0.0 19.52 16.68 14.14 11.23 10.69 10.39 9.96 9.67 10.21 8.903089986991944 0.0152
0.09 2656.0 -3.24 5.28 0.114 0.0 17.87 15.43 13.07 10.7 10.18 9.87 9.53 9.28 9.59 8.903089986991944 0.0152
0.1 2812.0 -3.06 5.25 0.125 0.0 16.47 14.51 12.32 10.31 9.78 9.48 9.17 8.95 9.16 8.903089986991944 0.0152
0.11 2915.0 -2.92 5.22 0.135 0.0 15.8 13.94 11.86 10.01 9.48 9.19 8.9 8.7 8.88 8.903089986991944 0.0152
0.13 3045.0 -2.73 5.17 0.156 0.0 14.63 13.12 11.22 9.56 9.03 8.75 8.5 8.32 8.45 8.903089986991944 0.0152
0.15 3130.0 -2.58 5.13 0.174 0.0 13.76 12.52 10.78 9.24 8.71 8.43 8.19 8.02 8.12 8.903089986991944 0.0152
0.17 3191.0 -2.46 5.1 0.192 0.0 13.28 12.1 10.44 8.98 8.44 8.17 7.93 7.77 7.86 8.903089986991944 0.0152
0.2 3260.0 -2.32 5.07 0.217 0.0 12.74 11.62 10.04 8.64 8.1 7.84 7.62 7.46 7.55 8.903089986991944 0.0152
0.3 3415.0 -1.99 4.99 0.29 0.0 11.56 10.55 9.14 7.87 7.31 7.07 6.87 6.74 6.81 8.903089986991944 0.0152
0.4 3521.0 -1.72 4.9 0.371 0.0 10.7 9.75 8.45 7.24 6.67 6.44 6.26 6.14 6.21 8.903089986991944 0.0152
0.5 3680.0 -1.46 4.81 0.459 0.0 9.75 8.88 7.74 6.63 6.03 5.82 5.67 5.58 5.66 8.903089986991944 0.0152
0.6 3968.0 -1.17 4.73 0.553 0.0 8.65 7.88 6.99 6.0 5.36 5.2 5.09 5.04 5.14 8.903089986991944 0.0152
0.7 4386.0 -0.87 4.68 0.636 0.0 7.57 6.84 6.23 5.38 4.77 4.67 4.61 4.59 4.7 8.903089986991944 0.0152
0.8 4823.0 -0.6 4.63 0.718 0.003 6.59 6.0 5.54 4.83 4.34 4.26 4.22 4.21 4.3 8.903089986991944 0.0152
0.9 5216.0 -0.36 4.57 0.813 0.079 5.81 5.33 4.93 4.35 3.95 3.89 3.86 3.85 3.91 8.903089986991944 0.0152
1.0 5586.0 -0.13 4.51 0.92 0.306 5.16 4.75 4.4 3.91 3.58 3.53 3.51 3.51 3.55 8.903089986991944 0.0152
1.1 5910.0 0.08 4.44 1.046 0.574 4.58 4.22 3.91 3.49 3.22 3.18 3.17 3.16 3.19 8.903089986991944 0.0152
1.2 6184.0 0.27 4.36 1.193 0.77 4.07 3.75 3.47 3.11 2.87 2.84 2.83 2.82 2.84 8.903089986991944 0.0152
1.3 6442.0 0.45 4.29 1.345 0.88 3.62 3.33 3.07 2.76 2.56 2.53 2.52 2.52 2.52 8.903089986991944 0.0152
1.4 6705.0 0.61 4.24 1.491 0.938 3.2 2.95 2.73 2.45 2.28 2.26 2.25 2.25 2.25 8.903089986991944 0.0152
0.06 1584.0 -4.3 5.27 0.094 0.0 23.41 19.73 17.48 14.19 12.99 12.07 11.12 10.77 11.35 9.0 0.0152
0.07 2047.0 -3.85 5.33 0.094 0.0 21.78 18.42 15.96 12.24 11.59 11.26 10.58 10.22 10.96 9.0 0.0152
0.072 2109.0 -3.79 5.34 0.095 0.0 21.6 18.25 15.72 12.01 11.43 11.16 10.52 10.15 10.93 9.0 0.0152
0.075 2243.0 -3.67 5.34 0.097 0.0 21.01 17.74 15.19 11.77 11.21 10.9 10.33 10.0 10.67 9.0 0.0152
0.08 2400.0 -3.51 5.33 0.102 0.0 19.87 16.89 14.33 11.32 10.78 10.49 10.04 9.74 10.33 9.0 0.0152
0.09 2648.0 -3.25 5.29 0.113 0.0 17.96 15.49 13.11 10.73 10.21 9.9 9.55 9.3 9.62 9.0 0.0152
0.1 2810.0 -3.06 5.25 0.124 0.0 16.48 14.52 12.33 10.32 9.79 9.48 9.17 8.96 9.17 9.0 0.0152
0.11 2915.0 -2.92 5.22 0.135 0.0 15.8 13.94 11.86 10.01 9.48 9.19 8.91 8.71 8.88 9.0 0.0152
0.13 3045.0 -2.73 5.17 0.156 0.0 14.63 13.12 11.22 9.56 9.03 8.75 8.5 8.32 8.45 9.0 0.0152
0.15 3130.0 -2.58 5.13 0.174 0.0 13.76 12.52 10.78 9.24 8.71 8.43 8.19 8.02 8.12 9.0 0.0152
0.17 3191.0 -2.46 5.1 0.192 0.0 13.28 12.1 10.44 8.98 8.44 8.17 7.93 7.77 7.86 9.0 0.0152
0.2 3261.0 -2.32 5.07 0.217 0.0 12.74 11.62 10.04 8.64 8.1 7.84 7.62 7.46 7.55 9.0 0.0152
0.3 3415.0 -1.99 4.99 0.291 0.0 11.56 10.55 9.14 7.86 7.31 7.07 6.87 6.74 6.81 9.0 0.0152
0.4 3520.0 -1.72 4.9 0.372 0.0 10.69 9.75 8.44 7.23 6.66 6.43 6.25 6.14 6.21 9.0 0.0152
0.5 3680.0 -1.46 4.81 0.46 0.0 9.75 8.88 7.74 6.62 6.03 5.82 5.66 5.58 5.66 9.0 0.0152
0.6 3967.0 -1.16 4.73 0.554 0.0 8.65 7.87 6.99 5.99 5.36 5.2 5.09 5.04 5.14 9.0 0.0152
0.7 4387.0 -0.87 4.67 0.637 0.0 7.56 6.83 6.23 5.37 4.76 4.66 4.6 4.59 4.7 9.0 0.0152
0.8 4826.0 -0.6 4.63 0.719 0.002 6.58 6.0 5.53 4.82 4.34 4.26 4.22 4.21 4.29 9.0 0.0152
0.9 5220.0 -0.35 4.57 0.816 0.078 5.8 5.32 4.92 4.34 3.94 3.88 3.85 3.85 3.91 9.0 0.0152
1.0 5592.0 -0.13 4.51 0.923 0.306 5.14 4.74 4.39 3.9 3.57 3.52 3.5 3.5 3.54 9.0 0.0152
1.1 5916.0 0.09 4.43 1.054 0.574 4.56 4.2 3.89 3.48 3.2 3.16 3.15 3.14 3.17 9.0 0.0152
1.2 6187.0 0.28 4.36 1.204 0.77 4.05 3.73 3.45 3.09 2.85 2.82 2.81 2.8 2.82 9.0 0.0152
1.3 6438.0 0.46 4.28 1.363 0.88 3.59 3.3 3.05 2.73 2.53 2.5 2.49 2.49 2.49 9.0 0.0152
1.4 6684.0 0.62 4.22 1.521 0.938 3.17 2.91 2.69 2.42 2.24 2.22 2.21 2.21 2.21 9.0 0.0152
0.07 1720.0 -4.19 5.37 0.091 0.0 22.7 19.18 16.93 13.64 12.6 11.81 10.96 10.62 11.28 9.301029995663981 0.0152
0.072 1811.0 -4.09 5.38 0.091 0.0 22.4 18.93 16.61 13.11 12.26 11.66 10.85 10.51 11.21 9.301029995663981 0.0152
0.075 2083.0 -3.84 5.38 0.093 0.0 21.74 18.35 15.83 12.12 11.53 11.26 10.59 10.23 11.02 9.301029995663981 0.0152
0.08 2348.0 -3.57 5.35 0.099 0.0 20.23 17.13 14.56 11.43 10.92 10.64 10.16 9.85 10.48 9.301029995663981 0.0152
0.09 2643.0 -3.25 5.29 0.113 0.0 18.01 15.53 13.14 10.74 10.22 9.91 9.56 9.32 9.63 9.301029995663981 0.0152
0.1 2810.0 -3.06 5.25 0.124 0.0 16.48 14.52 12.34 10.32 9.79 9.48 9.17 8.96 9.17 9.301029995663981 0.0152
0.11 2915.0 -2.92 5.22 0.135 0.0 15.8 13.94 11.86 10.01 9.48 9.19 8.91 8.71 8.88 9.301029995663981 0.0152
0.13 3045.0 -2.73 5.17 0.156 0.0 14.63 13.12 11.22 9.56 9.03 8.75 8.5 8.32 8.45 9.301029995663981 0.0152
0.15 3130.0 -2.58 5.13 0.174 0.0 13.76 12.52 10.77 9.24 8.71 8.43 8.19 8.02 8.12 9.301029995663981 0.0152
0.17 3191.0 -2.46 5.1 0.192 0.0 13.28 12.1 10.44 8.98 8.44 8.17 7.93 7.77 7.86 9.301029995663981 0.0152
0.2 3261.0 -2.32 5.07 0.217 0.0 12.73 11.62 10.04 8.64 8.1 7.84 7.61 7.46 7.55 9.301029995663981 0.0152
0.3 3415.0 -1.98 4.98 0.293 0.0 11.54 10.53 9.13 7.85 7.29 7.05 6.85 6.72 6.79 9.301029995663981 0.0152
0.4 3519.0 -1.71 4.89 0.374 0.0 10.68 9.74 8.43 7.22 6.65 6.42 6.24 6.12 6.19 9.301029995663981 0.0152
0.5 3679.0 -1.45 4.81 0.462 0.0 9.74 8.87 7.73 6.61 6.02 5.81 5.65 5.57 5.65 9.301029995663981 0.0152
0.6 3969.0 -1.16 4.72 0.557 0.0 8.63 7.86 6.98 5.98 5.35 5.19 5.07 5.03 5.13 9.301029995663981 0.0152
0.7 4396.0 -0.86 4.67 0.64 0.0 7.54 6.8 6.21 5.35 4.75 4.65 4.59 4.57 4.68 9.301029995663981 0.0152
0.8 4842.0 -0.59 4.62 0.725 0.001 6.54 5.96 5.5 4.8 4.31 4.24 4.19 4.19 4.27 9.301029995663981 0.0152
0.9 5244.0 -0.33 4.56 0.827 0.073 5.75 5.27 4.88 4.3 3.91 3.85 3.82 3.81 3.87 9.301029995663981 0.0152
1.0 5627.0 -0.1 4.49 0.944 0.306 5.06 4.66 4.31 3.83 3.51 3.47 3.45 3.44 3.48 9.301029995663981 0.0152
1.1 5945.0 0.13 4.4 1.093 0.574 4.46 4.1 3.79 3.39 3.12 3.08 3.06 3.06 3.09 9.301029995663981 0.0152
1.2 6202.0 0.33 4.31 1.274 0.77 3.92 3.6 3.32 2.96 2.73 2.69 2.68 2.68 2.69 9.301029995663981 0.0152
1.3 6403.0 0.52 4.21 1.481 0.88 3.43 3.14 2.89 2.56 2.36 2.33 2.32 2.32 2.32 9.301029995663981 0.0152
1.4 6464.0 0.68 4.1 1.751 0.938 3.02 2.74 2.49 2.18 1.98 1.95 1.95 1.94 1.94 9.301029995663981 0.0152
0.07 1650.0 -4.27 5.38 0.09 0.0 23.38 19.67 17.38 14.0 12.88 12.04 11.15 10.74 11.45 9.477121254719663 0.0152
0.072 1793.0 -4.11 5.38 0.091 0.0 22.45 18.97 16.67 13.21 12.33 11.69 10.88 10.54 11.22 9.477121254719663 0.0152
0.075 2052.0 -3.87 5.39 0.092 0.0 21.85 18.43 15.96 12.26 11.63 11.32 10.64 10.28 11.04 9.477121254719663 0.0152
0.08 2343.0 -3.58 5.35 0.099 0.0 20.27 17.16 14.58 11.44 10.93 10.65 10.17 9.86 10.5 9.477121254719663 0.0152
0.09 2644.0 -3.25 5.29 0.113 0.0 18.0 15.52 13.14 10.74 10.22 9.91 9.56 9.31 9.63 9.477121254719663 0.0152
0.1 2810.0 -3.06 5.25 0.124 0.0 16.48 14.52 12.33 10.32 9.79 9.48 9.17 8.96 9.17 9.477121254719663 0.0152
0.11 2915.0 -2.92 5.22 0.135 0.0 15.8 13.94 11.86 10.01 9.48 9.19 8.91 8.71 8.88 9.477121254719663 0.0152
0.13 3046.0 -2.73 5.17 0.156 0.0 14.63 13.12 11.22 9.56 9.03 8.75 8.5 8.31 8.45 9.477121254719663 0.0152
0.15 3131.0 -2.58 5.13 0.174 0.0 13.76 12.52 10.77 9.24 8.71 8.43 8.18 8.02 8.12 9.477121254719663 0.0152
0.17 3191.0 -2.46 5.1 0.192 0.0 13.28 12.1 10.44 8.97 8.44 8.17 7.93 7.77 7.86 9.477121254719663 0.0152
0.2 3261.0 -2.32 5.07 0.217 0.0 12.73 11.61 10.04 8.64 8.09 7.83 7.61 7.46 7.54 9.477121254719663 0.0152
0.3 3416.0 -1.97 4.97 0.295 0.0 11.52 10.52 9.11 7.83 7.28 7.03 6.83 6.7 6.77 9.477121254719663 0.0152
0.4 3520.0 -1.71 4.89 0.375 0.0 10.67 9.73 8.42 7.21 6.64 6.41 6.23 6.12 6.19 9.477121254719663 0.0152
0.5 3679.0 -1.45 4.8 0.464 0.0 9.73 8.86 7.72 6.6 6.01 5.8 5.64 5.56 5.64 9.477121254719663 0.0152
0.6 3974.0 -1.15 4.72 0.559 0.0 8.62 7.84 6.96 5.97 5.34 5.17 5.06 5.02 5.12 9.477121254719663 0.0152
0.7 4407.0 -0.85 4.67 0.643 0.0 7.51 6.78 6.19 5.34 4.73 4.63 4.57 4.56 4.67 9.477121254719663 0.0152
0.8 4859.0 -0.57 4.61 0.731 0.001 6.5 5.93 5.47 4.77 4.29 4.22 4.17 4.17 4.25 9.477121254719663 0.0152
0.9 5270.0 -0.31 4.55 0.838 0.07 5.69 5.22 4.83 4.25 3.87 3.81 3.78 3.78 3.83 9.477121254719663 0.0152
1.0 5661.0 -0.06 4.47 0.966 0.306 4.98 4.58 4.24 3.77 3.45 3.41 3.39 3.38 3.42 9.477121254719663 0.0152
1.1 5974.0 0.17 4.36 1.143 0.574 4.34 3.99 3.68 3.28 3.01 2.97 2.96 2.96 2.98 9.477121254719663 0.0152
1.2 6191.0 0.39 4.25 1.366 0.77 3.77 3.45 3.17 2.81 2.58 2.54 2.53 2.53 2.54 9.477121254719663 0.0152
1.3 6177.0 0.56 4.11 1.671 0.88 3.34 3.02 2.74 2.38 2.14 2.11 2.1 2.1 2.11 9.477121254719663 0.0152
0.07 1631.0 -4.29 5.38 0.09 0.0 23.42 19.71 17.43 14.08 12.94 12.08 11.17 10.79 11.44 9.602059991327963 0.0152
0.072 1790.0 -4.12 5.38 0.091 0.0 22.46 18.98 16.68 13.23 12.34 11.7 10.88 10.54 11.23 9.602059991327963 0.0152
0.075 2041.0 -3.88 5.39 0.092 0.0 21.88 18.46 16.0 12.31 11.67 11.34 10.65 10.3 11.05 9.602059991327963 0.0152
0.08 2343.0 -3.58 5.35 0.099 0.0 20.27 17.16 14.58 11.44 10.93 10.65 10.17 9.86 10.5 9.602059991327963 0.0152
0.09 2644.0 -3.25 5.29 0.113 0.0 18.0 15.52 13.14 10.74 10.22 9.91 9.56 9.31 9.63 9.602059991327963 0.0152
0.1 2811.0 -3.06 5.25 0.124 0.0 16.48 14.52 12.33 10.32 9.79 9.48 9.17 8.96 9.17 9.602059991327963 0.0152
0.11 2916.0 -2.92 5.22 0.135 0.0 15.8 13.94 11.86 10.01 9.48 9.19 8.91 8.71 8.88 9.602059991327963 0.0152
0.13 3046.0 -2.73 5.17 0.156 0.0 14.62 13.11 11.22 9.56 9.03 8.75 8.5 8.31 8.45 9.602059991327963 0.0152
0.15 3131.0 -2.58 5.13 0.174 0.0 13.76 12.51 10.77 9.24 8.71 8.43 8.18 8.02 8.12 9.602059991327963 0.0152
0.17 3192.0 -2.46 5.1 0.192 0.0 13.27 12.1 10.44 8.97 8.43 8.17 7.93 7.77 7.86 9.602059991327963 0.0152
0.2 3262.0 -2.32 5.06 0.217 0.0 12.73 11.61 10.03 8.63 8.09 7.83 7.61 7.46 7.54 9.602059991327963 0.0152
0.3 3416.0 -1.97 4.97 0.297 0.0 11.51 10.5 9.09 7.81 7.26 7.02 6.82 6.69 6.76 9.602059991327963 0.0152
0.4 3520.0 -1.71 4.89 0.376 0.0 10.67 9.72 8.42 7.2 6.64 6.4 6.22 6.11 6.18 9.602059991327963 0.0152
0.5 3680.0 -1.45 4.8 0.465 0.0 9.72 8.86 7.72 6.6 6.0 5.79 5.64 5.55 5.63 9.602059991327963 0.0152
0.6 3979.0 -1.15 4.72 0.561 0.0 8.6 7.83 6.95 5.96 5.32 5.16 5.05 5.01 5.11 9.602059991327963 0.0152
0.7 4418.0 -0.85 4.66 0.646 0.0 7.48 6.75 6.17 5.32 4.72 4.62 4.56 4.55 4.66 9.602059991327963 0.0152
0.8 4878.0 -0.56 4.61 0.736 0.0 6.46 5.89 5.43 4.74 4.27 4.2 4.15 4.15 4.23 9.602059991327963 0.0152
0.9 5297.0 -0.29 4.53 0.85 0.068 5.63 5.16 4.78 4.21 3.83 3.77 3.74 3.74 3.8 9.602059991327963 0.0152
1.0 5697.0 -0.03 4.44 0.994 0.306 4.88 4.49 4.16 3.69 3.38 3.34 3.32 3.32 3.35 9.602059991327963 0.0152
1.1 5996.0 0.23 4.32 1.204 0.574 4.2 3.86 3.55 3.16 2.89 2.86 2.84 2.84 2.86 9.602059991327963 0.0152
1.2 6053.0 0.43 4.17 1.491 0.77 3.69 3.36 3.06 2.67 2.42 2.38 2.37 2.37 2.39 9.602059991327963 0.0152
0.07 1627.0 -4.3 5.38 0.09 0.0 23.43 19.72 17.44 14.1 12.96 12.09 11.17 10.81 11.43 9.698970004336019 0.0152
0.072 1790.0 -4.12 5.38 0.091 0.0 22.46 18.98 16.68 13.23 12.35 11.7 10.88 10.54 11.23 9.698970004336019 0.0152
0.075 2038.0 -3.89 5.39 0.091 0.0 21.9 18.47 16.01 12.33 11.68 11.35 10.65 10.3 11.05 9.698970004336019 0.0152
0.08 2343.0 -3.58 5.35 0.099 0.0 20.27 17.16 14.58 11.44 10.93 10.65 10.17 9.86 10.5 9.698970004336019 0.0152
0.09 2644.0 -3.25 5.29 0.113 0.0 18.0 15.52 13.14 10.74 10.22 9.91 9.56 9.31 9.63 9.698970004336019 0.0152
0.1 2811.0 -3.06 5.25 0.124 0.0 16.48 14.52 12.33 10.32 9.79 9.48 9.17 8.96 9.17 9.698970004336019 0.0152
0.11 2916.0 -2.92 5.22 0.135 0.0 15.8 13.94 11.86 10.01 9.48 9.19 8.91 8.7 8.88 9.698970004336019 0.0152
0.13 3046.0 -2.73 5.17 0.156 0.0 14.62 13.11 11.21 9.56 9.03 8.75 8.5 8.31 8.45 9.698970004336019 0.0152
0.15 3131.0 -2.58 5.13 0.175 0.0 13.76 12.51 10.77 9.24 8.71 8.43 8.18 8.02 8.12 9.698970004336019 0.0152
0.17 3192.0 -2.46 5.1 0.192 0.0 13.27 12.09 10.43 8.97 8.43 8.16 7.93 7.77 7.86 9.698970004336019 0.0152
0.2 3262.0 -2.32 5.06 0.218 0.0 12.72 11.61 10.03 8.63 8.09 7.83 7.6 7.45 7.54 9.698970004336019 0.0152
0.3 3416.0 -1.96 4.96 0.299 0.0 11.5 10.49 9.08 7.8 7.25 7.0 6.81 6.67 6.74 9.698970004336019 0.0152
0.4 3521.0 -1.71 4.89 0.377 0.0 10.66 9.71 8.41 7.2 6.63 6.4 6.22 6.1 6.17 9.698970004336019 0.0152
0.5 3682.0 -1.44 4.8 0.467 0.0 9.72 8.85 7.71 6.59 6.0 5.79 5.63 5.55 5.63 9.698970004336019 0.0152
0.6 3984.0 -1.15 4.72 0.562 0.0 8.58 7.81 6.94 5.95 5.31 5.15 5.04 5.0 5.1 9.698970004336019 0.0152
0.7 4430.0 -0.84 4.66 0.648 0.0 7.45 6.73 6.15 5.3 4.71 4.61 4.55 4.54 4.65 9.698970004336019 0.0152
0.8 4896.0 -0.55 4.6 0.742 0.0 6.42 5.85 5.4 4.72 4.24 4.17 4.13 4.13 4.2 9.698970004336019 0.0152
0.9 5325.0 -0.27 4.52 0.863 0.066 5.56 5.11 4.72 4.16 3.79 3.73 3.7 3.7 3.76 9.698970004336019 0.0152
1.0 5732.0 0.01 4.41 1.028 0.306 4.78 4.39 4.06 3.61 3.3 3.26 3.24 3.24 3.27 9.698970004336019 0.0152
1.1 5971.0 0.27 4.26 1.281 0.574 4.09 3.74 3.43 3.03 2.77 2.73 2.71 2.71 2.73 9.698970004336019 0.0152
0.07 1626.0 -4.3 5.38 0.09 0.0 23.43 19.72 17.44 14.1 12.96 12.09 11.18 10.81 11.43 9.903089986991944 0.0152
0.072 1789.0 -4.12 5.38 0.091 0.0 22.46 18.98 16.68 13.24 12.35 11.7 10.88 10.54 11.23 9.903089986991944 0.0152
0.075 2036.0 -3.89 5.39 0.091 0.0 21.9 18.47 16.02 12.33 11.69 11.35 10.66 10.3 11.06 9.903089986991944 0.0152
0.08 2344.0 -3.58 5.35 0.099 0.0 20.26 17.15 14.58 11.43 10.93 10.65 10.17 9.86 10.49 9.903089986991944 0.0152
0.09 2645.0 -3.25 5.29 0.113 0.0 17.99 15.51 13.13 10.74 10.22 9.91 9.56 9.31 9.63 9.903089986991944 0.0152
0.1 2812.0 -3.06 5.25 0.124 0.0 16.47 14.51 12.33 10.32 9.79 9.48 9.17 8.96 9.17 9.903089986991944 0.0152
0.11 2917.0 -2.92 5.22 0.135 0.0 15.79 13.94 11.85 10.01 9.48 9.19 8.9 8.7 8.88 9.903089986991944 0.0152
0.13 3047.0 -2.73 5.17 0.156 0.0 14.61 13.11 11.21 9.56 9.03 8.75 8.49 8.31 8.45 9.903089986991944 0.0152
0.15 3132.0 -2.58 5.13 0.175 0.0 13.75 12.51 10.77 9.24 8.7 8.43 8.18 8.01 8.12 9.903089986991944 0.0152
0.17 3193.0 -2.46 5.1 0.193 0.0 13.26 12.09 10.43 8.97 8.43 8.16 7.92 7.76 7.85 9.903089986991944 0.0152
0.2 3264.0 -2.31 5.06 0.219 0.0 12.7 11.59 10.01 8.62 8.07 7.81 7.59 7.44 7.52 9.903089986991944 0.0152
0.3 3416.0 -1.95 4.95 0.303 0.0 11.47 10.46 9.05 7.77 7.22 6.98 6.78 6.65 6.72 9.903089986991944 0.0152
0.4 3522.0 -1.7 4.88 0.379 0.0 10.65 9.7 8.4 7.18 6.62 6.39 6.21 6.09 6.16 9.903089986991944 0.0152
0.5 3686.0 -1.44 4.79 0.469 0.0 9.69 8.82 7.69 6.57 5.98 5.77 5.62 5.53 5.61 9.903089986991944 0.0152
0.6 4001.0 -1.13 4.71 0.566 0.0 8.53 7.76 6.9 5.92 5.28 5.13 5.02 4.98 5.08 9.903089986991944 0.0152
0.7 4467.0 -0.81 4.65 0.656 0.0 7.35 6.65 6.08 5.25 4.66 4.57 4.51 4.5 4.61 9.903089986991944 0.0152
0.8 4958.0 -0.5 4.58 0.761 0.0 6.28 5.73 5.29 4.63 4.17 4.1 4.06 4.06 4.13 9.903089986991944 0.0152
0.9 5420.0 -0.19 4.47 0.914 0.063 5.34 4.9 4.53 4.0 3.64 3.59 3.56 3.56 3.61 9.903089986991944 0.0152
1.0 5772.0 0.15 4.29 1.186 0.306 4.43 4.05 3.72 3.28 2.98 2.94 2.92 2.92 2.95 9.903089986991944 0.0152
0.07 1626.0 -4.3 5.38 0.09 0.0 23.43 19.72 17.44 14.1 12.96 12.09 11.18 10.81 11.43 10.0 0.0152
0.072 1790.0 -4.12 5.38 0.091 0.0 22.46 18.98 16.68 13.23 12.35 11.7 10.88 10.54 11.23 10.0 0.0152
0.075 2037.0 -3.89 5.39 0.091 0.0 21.9 18.47 16.01 12.33 11.69 11.35 10.66 10.3 11.06 10.0 0.0152
0.08 2345.0 -3.58 5.35 0.099 0.0 20.26 17.15 14.58 11.43 10.93 10.65 10.16 9.85 10.49 10.0 0.0152
0.09 2646.0 -3.25 5.29 0.113 0.0 17.98 15.51 13.13 10.74 10.22 9.91 9.56 9.31 9.63 10.0 0.0152
0.1 2812.0 -3.06 5.25 0.124 0.0 16.47 14.51 12.33 10.32 9.79 9.48 9.17 8.96 9.17 10.0 0.0152
0.11 2917.0 -2.92 5.22 0.135 0.0 15.79 13.93 11.85 10.0 9.48 9.18 8.9 8.7 8.88 10.0 0.0152
0.13 3048.0 -2.73 5.17 0.156 0.0 14.61 13.1 11.21 9.56 9.03 8.75 8.49 8.31 8.45 10.0 0.0152
0.15 3133.0 -2.58 5.13 0.175 0.0 13.75 12.5 10.76 9.24 8.7 8.43 8.18 8.01 8.12 10.0 0.0152
0.17 3194.0 -2.46 5.1 0.193 0.0 13.26 12.08 10.42 8.96 8.42 8.15 7.92 7.76 7.85 10.0 0.0152
0.2 3265.0 -2.31 5.05 0.22 0.0 12.69 11.58 10.0 8.61 8.06 7.8 7.58 7.43 7.51 10.0 0.0152
0.3 3416.0 -1.95 4.95 0.304 0.0 11.46 10.45 9.04 7.76 7.21 6.96 6.77 6.63 6.7 10.0 0.0152
0.4 3524.0 -1.7 4.88 0.38 0.0 10.64 9.69 8.39 7.18 6.61 6.38 6.2 6.08 6.16 10.0 0.0152
0.5 3689.0 -1.43 4.79 0.471 0.0 9.67 8.81 7.68 6.56 5.97 5.76 5.6 5.52 5.6 10.0 0.0152
0.6 4013.0 -1.12 4.71 0.569 0.0 8.5 7.73 6.88 5.9 5.26 5.11 5.0 4.96 5.07 10.0 0.0152
0.7 4493.0 -0.79 4.64 0.662 0.0 7.29 6.59 6.04 5.22 4.63 4.54 4.49 4.48 4.58 10.0 0.0152
0.8 5002.0 -0.47 4.56 0.776 0.0 6.18 5.64 5.21 4.56 4.12 4.05 4.01 4.0 4.08 10.0 0.0152
0.9 5495.0 -0.12 4.42 0.964 0.063 5.15 4.72 4.36 3.85 3.5 3.45 3.43 3.43 3.47 10.0 0.0152
